1459 2078
1459 1687
1459 1540
1459 633
1459 749
1459 45
1459 1137
1459 210
1459 167
1459 473
1459 566
1459 804
554 167
554 306
559 1816
559 167
87 47
87 2245
92 2438
1892 2131
523 478
523 870
523 2600
523 1616
523 882
523 283
523 1214
523 1687
523 2408
523 961
523 1676
523 508
523 1790
523 465
523 565
523 551
523 1921
523 277
608 394
608 2230
608 680
608 975
608 179
608 133
1534 1597
1534 1122
1534 289
1534 1148
1535 1348
1535 629
1535 289
1537 1348
1537 629
1537 289
1537 1535
2302 403
2302 1353
2302 2111
2302 1880
2302 2104
402 403
402 681
403 2104
2309 403
2309 681
2309 1325
2527 1956
2527 1961
2537 1846
2537 2198
2537 451
2537 1927
747 336
747 73
747 600
747 203
747 349
747 112
747 458
747 680
747 695
747 198
747 502
747 397
747 737
747 665
747 545
747 186
747 494
747 610
747 315
747 386
747 229
747 235
747 700
747 526
747 527
747 763
747 283
747 104
747 771
747 699
747 217
747 110
747 202
747 43
747 26
747 685
747 368
747 18
747 588
747 703
747 741
747 310
747 124
747 127
747 719
747 153
747 205
747 207
747 489
747 561
747 369
747 175
747 353
747 91
747 362
1136 1286
1136 1030
1136 800
1136 1740
1136 1575
1136 935
1136 1142
1136 1018
1136 1558
1136 1333
1142 1018
345 117
345 2266
345 1924
1351 900
2474 2425
2474 2078
1497 1212
251 2560
251 932
251 482
251 1505
569 1181
569 767
569 550
569 1273
569 1712
569 1986
569 1457
569 1430
569 2099
569 514
569 710
569 1269
569 1000
569 456
569 1025
1484 1692
1484 931
1484 822
1484 1430
1484 1482
1484 1197
1484 1500
1484 1237
576 605
576 212
576 293
576 2026
576 1258
576 1381
576 1526
576 1200
576 354
576 1524
576 1922
576 726
576 1801
576 834
576 839
576 1814
576 1014
576 1932
576 59
576 1245
576 355
576 1067
2498 2147
2498 2500
2498 2322
2499 203
2499 2147
2499 2376
2499 1787
2499 2505
2499 1871
2499 2385
2499 2422
2499 2498
2499 2500
2499 2322
2499 1418
2499 359
2499 1935
2500 2376
2500 2422
2500 2498
2500 2322
2570 667
2570 1806
1122 799
1122 1194
1122 594
1123 539
1123 1188
1123 1176
1123 75
1126 2489
1126 923
1126 1497
1126 1212
1212 817
1212 818
1212 819
1215 1699
1215 818
1215 819
1215 1209
1215 824
1215 825
347 713
347 998
347 452
1241 998
1241 1141
1241 950
1241 1347
1241 1147
1322 1020
1322 2539
426 335
426 2369
426 836
426 2126
426 1486
426 937
426 318
427 2044
427 1274
427 1914
427 2255
427 1103
427 2383
427 493
427 665
427 2388
427 1399
427 1405
427 494
427 610
427 587
427 2258
427 823
427 526
427 1547
427 2412
427 1037
427 2306
427 202
427 1283
427 230
427 2658
427 399
427 584
427 304
427 2448
427 2683
427 1488
427 18
427 954
427 2437
427 916
427 1999
427 674
427 205
427 461
427 1340
427 561
427 353
427 391
2342 2593
2342 2577
2342 2197
2342 381
2342 2151
1337 1020
1337 2300
438 79
438 550
438 96
438 21
438 296
438 710
438 692
438 720
438 391
289 2568
289 64
2276 1864
2692 1370
2692 2172
71 929
71 677
71 1559
71 1923
71 661
71 1641
74 906
74 1024
74 1017
74 1103
74 871
74 949
74 1634
74 680
74 604
74 2513
74 2266
74 975
74 2654
74 2284
74 2335
74 505
74 987
74 2013
74 345
74 1676
74 622
74 547
74 2390
74 263
74 71
74 661
74 2124
74 310
74 377
74 19
74 867
1151 1350
1259 1944
1259 1081
1259 1082
1259 893
1259 92
1259 136
1269 1312
1269 2618
1269 876
591 2155
591 287
591 453
591 549
591 1358
591 2475
591 2182
591 199
591 488
591 1032
591 1105
2637 2652
70 1692
70 931
70 1986
75 2122
75 1854
1854 2122
1854 1976
1854 2048
1854 2645
1864 2122
1864 1854
1028 1435
1028 1037
1028 206
1028 1610
359 203
359 2376
359 1787
359 2505
359 1871
359 2422
359 2498
359 2499
359 2322
359 808
359 1342
476 605
476 1091
476 1056
2378 2050
2378 2335
2378 1668
1621 300
1621 1448
1621 1194
1621 594
1621 824
228 1692
228 259
228 900
228 119
228 52
456 1296
456 2455
456 2099
456 1748
1366 2513
1366 2413
1366 2414
1366 2562
465 118
465 2027
465 103
465 2672
465 85
465 2368
465 466
465 565
465 566
466 16
1378 1440
1378 239
1378 21
1378 559
1378 882
1378 1540
1378 970
477 463
477 229
477 2409
477 2658
477 427
483 463
483 933
483 749
483 650
483 277
562 1401
562 2018
562 440
562 1889
562 370
562 1117
562 1183
564 463
565 478
565 548
565 1782
565 2
565 118
565 1440
565 2027
565 305
565 1401
565 1585
565 239
565 425
565 1012
565 1376
565 1616
565 502
565 1316
565 644
565 1438
565 773
565 385
565 1957
565 103
565 554
565 1741
565 882
565 2672
565 283
565 492
565 85
565 2118
565 1529
565 1727
565 1540
565 621
565 633
565 2472
565 1676
565 244
565 92
565 691
565 1790
565 465
565 466
565 1378
565 477
565 564
565 566
565 575
565 2485
565 2628
565 2629
565 128
565 295
565 306
566 1782
566 1544
566 733
566 16
566 186
566 1447
566 699
566 688
566 2658
566 633
566 858
566 1816
566 466
566 477
566 483
566 2485
566 588
566 1643
566 274
566 449
575 882
575 1378
575 2485
2485 749
2485 1816
2485 1378
1491 1390
2583 1423
2583 1173
2585 2441
2585 1830
2585 1263
686 683
686 1273
686 116
686 225
686 760
686 223
686 381
686 2557
686 119
1626 1584
1626 1735
1626 1164
690 2457
1643 773
1649 1228
1649 1687
1649 691
1649 1643
1649 148
1649 1557
924 1480
1174 1033
1174 1074
1174 1135
1174 893
1174 1297
1174 1102
1174 902
1174 414
318 686
318 2427
318 1173
1195 1323
2180 2577
2180 1500
325 211
519 2608
519 10
519 190
519 705
519 2590
519 280
2421 1856
2421 2266
2421 2654
2421 345
2421 263
2421 2590
2421 74
2421 1868
2426 1686
2426 2126
2426 2282
2426 2493
2427 1888
2427 2548
2427 2591
2427 2391
1428 2424
1428 1312
1428 2539
1428 2493
1429 1208
1608 949
1608 987
1608 2225
1612 1517
2586 2162
2586 1889
2586 2486
2586 2113
122 1093
122 124
122 127
127 124
127 2228
295 1782
295 2078
295 1012
295 1316
295 220
295 210
1281 1604
1281 948
1281 1272
1281 1282
1281 1451
1282 1494
1282 1022
1282 948
1282 1272
1282 1281
2652 2308
2652 240
1053 853
1053 1024
1053 931
1053 1607
1053 1197
1053 1568
378 960
378 335
378 2012
378 2195
378 218
378 178
378 585
378 1644
378 1290
378 1207
378 692
378 2290
378 2291
378 1963
378 396
378 2583
731 1450
731 576
731 808
2649 1956
2649 249
2649 2436
2649 2106
828 1457
1819 2580
1819 224
52 2487
52 2580
136 2487
136 2580
136 1370
136 2172
136 1479
136 1776
136 244
136 92
136 1413
136 1102
136 2231
1114 1696
1114 1588
1114 1603
1114 602
1114 1371
1114 1117
2089 1603
2089 714
2089 1530
2089 1117
1117 1588
1117 2332
1117 1603
2207 79
2054 591
2054 2053
2070 2602
2070 2640
2081 2159
2081 2366
414 1445
414 440
1309 1132
1309 924
635 683
635 722
635 442
635 660
635 256
635 381
635 634
635 264
635 686
635 436
2555 2560
649 2560
649 96
649 457
649 2403
649 2123
649 752
649 1643
986 2484
986 1642
986 2605
986 136
258 7
258 544
258 1031
258 8
258 14
258 751
258 435
478 96
478 218
478 754
478 396
478 568
478 52
478 274
2210 1808
1343 1456
2356 1705
2356 1105
453 2156
453 706
453 1712
453 2059
453 2455
453 1566
453 1358
453 1661
453 2092
453 2098
453 2099
453 514
453 2618
453 1269
453 876
453 1025
1360 1095
2360 556
2360 1386
2360 2273
2360 1006
2360 2040
1363 1343
1363 2475
549 287
549 453
549 591
549 456
549 574
549 488
555 615
555 556
1469 1705
1469 1456
667 2072
667 1974
667 2227
667 1356
667 867
1592 1734
1592 405
1592 1176
1592 1161
672 535
672 1386
672 1343
672 2360
672 1363
672 549
672 2696
672 1003
672 1004
672 591
672 456
672 924
672 574
672 130
1606 28
193 10
193 238
193 74
193 280
193 519
1741 492
1844 1979
68 1979
68 979
68 1632
68 2007
68 522
68 1825
879 700
879 979
898 1687
496 2393
496 501
496 1896
2393 1896
503 501
2409 2027
2409 2672
597 434
597 106
597 224
1672 899
1672 807
1672 1564
807 1438
1023 1090
1029 1090
1503 1108
1503 1276
1503 1507
1503 1308
1506 1108
1506 1276
1506 1415
1506 1507
1506 1308
1507 1108
1636 2074
1636 245
2615 2074
1062 1323
1062 2651
1389 1079
2177 1883
539 1665
539 1209
539 183
539 1453
1453 1152
2559 51
2559 1241
2559 260
1285 405
1285 1176
2306 2594
409 2582
409 1606
411 1891
411 2594
411 1470
411 536
411 2582
411 1600
411 2232
41 94
41 1982
41 892
41 352
41 23
41 115
48 2682
492 2323
492 734
492 45
492 213
513 117
513 452
1687 1228
1687 870
1687 773
1687 1632
1687 1137
1687 148
1687 1557
1688 1228
1693 1228
256 2369
256 2225
256 634
1217 1349
2186 2321
1312 1269
418 1312
418 1269
2461 2492
2461 1076
2461 1078
2462 1986
557 423
558 2660
558 376
558 1934
558 557
558 1137
558 1816
558 1641
558 1532
558 423
558 1555
2467 2155
641 1739
641 376
641 484
642 484
656 773
656 657
656 148
656 650
1581 1447
1581 657
766 979
766 181
766 78
766 518
1344 1138
1344 1121
1344 1047
1348 1047
1860 548
1860 906
1860 683
102 2012
102 1893
102 1895
102 1964
102 2583
1893 1895
1003 2146
1003 1343
1003 1469
1003 1897
1003 1004
1003 2182
1003 791
1004 2146
1004 1343
1004 1469
1004 1003
1004 791
2253 2591
2282 2217
2282 1686
485 2514
485 711
485 2380
485 1838
2380 2514
2380 1838
2226 1950
486 1597
486 231
486 64
486 284
486 1148
486 2276
585 335
585 911
585 2290
585 2291
1644 986
1644 1862
1644 1863
1644 2484
1644 701
1644 2364
1644 822
1644 2409
1644 1256
1644 2423
1644 1964
1644 1601
1644 318
1644 322
1644 462
217 2355
217 685
2061 96
1084 2035
1084 858
467 2000
467 270
467 276
467 495
467 729
560 78
560 955
560 938
688 1248
202 771
2032 2171
1290 1712
1290 1918
1290 218
1290 2169
1290 1644
1290 1197
1290 893
1290 1025
1290 423
2707 1389
2301 2588
2301 1907
2301 1901
157 1017
157 2230
157 1637
157 1075
157 393
157 2680
157 897
157 2019
157 2540
157 979
157 1038
157 214
157 766
157 1718
157 560
157 181
157 740
157 78
157 2095
157 916
157 1340
160 2681
160 469
160 2540
160 1857
160 322
1283 823
1283 1547
1283 230
1283 391
1079 1103
1079 864
1079 975
1079 1724
1079 1718
1079 1315
1112 1403
1112 926
1112 101
1118 1540
1118 134
2182 2146
2182 2633
2182 1748
230 391
1095 1456
1095 1433
2171 2031
320 259
624 112
624 11
624 700
627 338
627 1562
627 1679
1562 1637
1562 355
631 1562
732 267
732 1897
732 20
740 929
740 164
740 418
740 560
740 1703
740 1559
740 1664
740 1667
740 1683
2658 1860
2658 1559
2658 691
1703 1559
1540 1045
2529 2521
2536 502
2536 1957
2536 2629
1559 929
1559 1791
1559 1664
1559 1683
629 221
636 118
636 2027
636 2173
636 2672
636 2174
636 2204
636 2233
2666 451
750 244
843 1101
843 2658
843 568
843 575
858 2035
858 281
875 933
875 554
875 370
1841 1741
1841 564
63 739
63 210
63 153
1954 98
1954 2222
2092 2015
2098 2156
2098 2099
1124 453
1124 1566
1124 1567
2361 2175
2361 2216
2492 1900
350 180
350 111
350 201
350 664
350 427
350 351
1593 1437
2024 737
2024 427
2024 1932
2367 2577
2367 1833
8 435
14 258
14 437
14 393
14 232
14 544
14 708
14 31
14 736
14 384
14 8
14 613
14 751
14 435
14 443
1908 2514
1908 442
1908 1893
1908 1838
1908 1582
1910 2159
1910 705
1910 1668
1910 2366
1910 2575
1910 2081
399 1251
1425 684
613 232
613 2571
622 345
622 377
45 220
2178 2545
2178 2582
2178 1788
2178 1793
2178 1795
343 1274
343 530
343 1098
809 1190
809 1229
809 1639
809 297
809 1222
809 1044
809 1615
809 812
809 814
809 1080
812 1044
812 1080
814 1044
814 812
133 394
2674 2066
2307 1772
2307 1939
1969 2309
1969 2363
1969 2051
1969 2200
2419 2323
2419 492
2419 1268
2423 853
2423 550
2423 1644
2423 2225
2423 2627
2423 2657
2423 1161
2423 1601
2428 116
2428 225
2428 760
2428 1860
2341 2425
2341 559
2341 623
2341 788
2341 1757
2341 1842
2215 2650
2215 675
2346 397
788 2425
788 945
788 2323
788 1268
1006 876
1006 2040
1006 1025
1006 650
194 673
1138 1597
1138 1420
1138 806
284 64
1148 1597
1148 1355
1569 1609
1569 1726
1569 1008
1569 1010
1569 1011
1569 877
1569 1486
1569 1327
1569 1679
1569 1182
634 2593
634 1513
634 686
1582 2677
1582 1545
1701 33
167 559
1018 1142
1527 1543
1527 1086
1527 971
1527 419
1527 2088
1527 260
1527 211
78 2681
78 469
1857 2681
1867 1754
1869 1754
1869 2409
1812 2364
1812 1513
1812 1155
1812 783
1812 785
1374 869
2605 1401
2605 951
955 1280
219 402
219 1325
219 1738
219 38
219 2563
219 1689
219 563
219 846
219 1404
219 712
791 1661
792 1095
1564 899
2049 2218
2049 2410
2049 2306
726 1418
751 544
751 8
751 435
2401 1988
846 2173
846 1533
846 2204
846 219
2634 1876
2634 1197
847 710
847 1032
134 1782
134 505
1321 1041
1321 1190
1321 297
1321 1222
1321 814
1321 1080
538 402
538 2309
538 1738
538 1689
538 2165
538 1204
538 1036
1595 1862
1595 1863
1595 1657
1595 836
1595 1301
1595 1776
1595 2346
1595 1964
1595 2675
1595 151
2657 1161
2675 1862
2675 1256
2675 1964
2494 2063
1488 206
1488 1668
1490 206
1490 1488
1767 500
22 1790
803 53
803 1563
803 1439
18 890
18 866
18 1932
18 127
2291 2290
107 898
107 498
107 108
107 1937
108 898
108 498
108 304
930 1254
930 1062
930 805
2530 2090
1894 1527
2040 2360
2040 672
2040 1924
985 2066
985 1102
1102 1370
1102 1479
1102 1413
2084 2615
364 590
364 366
365 590
365 2572
365 364
366 590
954 1461
954 450
1327 1165
887 1531
2175 1940
2175 2249
2175 2250
2175 2087
2175 2206
2175 2259
1184 141
1184 2199
1184 860
752 1621
1963 2195
1475 1642
691 1557
966 1131
2687 636
2687 2174
2391 2548
2394 2427
86 652
86 249
2128 2479
2128 2030
2131 2319
2131 2030
1265 1725
1000 931
25 1181
25 1897
25 778
25 20
25 456
1939 2307
142 823
142 1547
142 1283
142 230
142 391
712 681
712 1036
2047 2111
1177 1180
1177 1627
1177 1620
2429 2281
2429 2624
2429 2317
2429 2152
2429 1143
860 1940
878 1023
878 1472
2095 2230
2473 434
1601 1155
1601 224
1601 1428
1601 1429
675 1445
675 597
675 1429
1121 806
1121 1138
1121 643
1121 1640
551 482
551 2215
551 2473
339 1549
339 270
339 495
1025 1712
1025 876
1257 1872
1257 2175
1257 2087
1257 2259
2259 1959
2261 2087
2261 2206
2261 2259
1271 997
2511 2320
2511 2141
2511 2418
1532 1480
1532 1487
1532 925
689 1826
689 1580
1625 1580
33 1701
1251 399
574 2360
574 2475
574 1006
574 2040
1654 855
1654 1338
801 313
801 1475
2471 2245
676 605
676 1091
676 1056
676 1014
121 1825
121 731
2039 1890
310 2513
1307 1657
1554 1401
1554 951
1554 1553
2647 2658
1249 1734
1249 1054
1249 1408
2348 2682
662 181
662 518
2328 1782
1007 2217
1007 2426
1308 1507
423 2425
423 1934
423 557
2556 1904
2556 858
643 1904
643 2489
643 222
643 49
2112 2572
2112 365
1129 1190
1129 1222
1129 809
1129 814
1129 1080
495 270
495 467
1505 2560
1505 932
1505 251
2596 2669
2596 2680
1770 1764
30 679
30 231
30 1148
30 2276
804 1585
804 1664
1779 2007
1780 2007
808 1450
808 1342
314 1596
314 1726
314 1244
1182 1726
2176 1914
1853 2320
1268 1898
1268 2140
1268 2323
1268 788
1268 1757
1268 1842
488 2053
719 1133
719 1112
719 1838
719 87
719 1666
824 1215
825 1215
1773 2545
1775 1771
1775 2116
1793 2178
1793 1775
1793 1795
1794 2545
1794 2178
1794 1795
1795 2545
1795 2178
1795 1775
1795 1788
439 97
1555 1158
1346 1272
1346 1281
1346 1451
1451 1604
1451 1272
650 1557
262 266
2371 2489
2371 1126
2372 2398
2372 2489
2372 1126
793 959
793 1334
793 1694
793 1330
793 1734
793 943
793 1070
793 856
793 42
793 1139
793 1069
793 1691
793 1455
793 1715
793 1249
793 262
793 1333
793 1467
902 966
205 600
1333 1514
1333 1207
1333 1224
1333 1467
207 688
207 1676
207 1536
1153 1611
1153 1675
1153 942
1153 1070
1153 856
1153 1455
1153 1257
1153 1204
1266 836
1539 924
1539 378
1539 136
1539 449
1515 936
1515 1447
1515 1581
2321 2370
2321 2186
1921 2402
2030 743
2030 744
2030 2316
1080 814
729 1945
729 67
729 1993
729 467
1800 1907
1800 1901
1800 2016
967 56
967 1394
967 1400
967 957
967 1561
967 847
967 689
967 322
967 306
967 1032
2108 1898
2108 2140
684 1425
1047 1355
1047 1420
1047 1344
306 1376
1340 1075
489 2670
489 238
489 301
489 1815
489 46
462 2582
1620 1180
1911 1098
1911 2087
1911 2206
1911 860
934 1353
934 1631
934 860
1640 1355
1648 1355
1193 1183
1202 1183
2303 2035
2303 858
970 1396
974 970
1467 1333
1067 1801
1067 834
1067 1814
1072 839
2044 1149
2044 2683
2044 80
243 53
1119 2405
2398 2184
615 556
615 98
2630 1826
1846 1927
1847 1846
1847 1927
659 695
659 397
659 11
659 624
1696 1769
1696 1334
1696 1943
1696 1872
1696 2330
1696 2250
1696 2175
1696 1771
2656 1699
2656 799
1699 799
1706 799
748 138
1891 1149
1891 1774
1898 278
1898 2140
1862 1863
1862 1964
324 326
324 278
324 389
326 324
326 278
327 324
327 326
327 945
327 1899
327 1532
332 324
332 389
12 155
1646 943
817 818
817 819
818 817
818 819
993 973
267 20
2684 2523
1008 1011
1008 1486
1010 1011
1010 877
1010 1182
2584 2632
1618 1112
2598 854
2598 1631
2598 2330
2598 1232
1631 2330
1934 1816
1736 1690
1737 1736
2706 1752
2706 1138
2706 1640
2278 2284
2283 2284
2412 2255
2412 1758
1818 2073
238 301
238 46
527 2606
2459 2606
1254 1464
1254 1062
1254 930
687 1157
687 626
687 110
687 1564
687 2683
687 1704
360 151
1897 2146
1897 2182
2019 2147
1804 2289
1805 2289
1805 1804
138 748
138 892
138 416
138 115
795 794
951 1401
2173 2204
922 1416
922 923
923 1416
1196 840
2540 1857
2648 1889
1966 1825
979 1825
1037 1470
1037 1610
200 1891
200 536
206 1891
206 536
1043 1435
882 1012
882 1616
882 1316
1980 2457
1980 758
1980 2202
1980 262
270 276
276 2546
276 1993
1253 1131
1253 1311
1656 527
1656 731
1082 1081
2016 467
1292 960
1292 1049
1301 960
1301 2346
1301 1266
865 2560
865 932
865 795
865 251
865 1505
155 117
155 513
249 652
1579 1103
763 241
763 2355
1464 1470
1464 1021
1464 200
1464 1100
2020 1857
1993 1945
1993 2546
1993 276
578 482
578 1122
578 1333
704 376
1927 1846
301 46
1738 1264
201 143
201 427
2319 2479
1409 2600
1409 2703
1409 789
1409 1797
1038 1196
1038 916
214 469
214 587
214 78
1155 783
1155 785
1724 1492
1206 1544
1206 789
1441 1638
2528 1858
2013 2382
2695 2198
2696 98
2696 2695
99 1852
99 1803
99 2592
99 1619
99 1255
2236 2542
2236 2262
2262 2542
2262 2236
1781 1819
1566 1567
1567 1566
1567 1358
1983 2078
2227 2072
2227 1974
2227 2390
2227 1923
1358 1661
660 635
340 529
340 709
389 1937
283 2093
2268 2275
2268 1753
2275 2522
2275 2268
1086 1545
1086 1582
1086 1641
1086 1076
1086 1078
265 758
883 1665
2011 2633
2011 2182
1020 2577
988 1515
1214 1635
1306 1499
1457 1237
1578 1010
1578 877
1578 1182
2254 2039
2384 2460
524 1169
37 563
38 563
38 273
734 213
771 104
1989 1882
2126 2591
699 588
1172 915
1172 623
1172 1141
1172 2341
1172 2108
2167 2161
2293 1937
398 419
398 248
398 776
623 2140
623 1937
1689 1738
1689 38
1607 1223
1615 1229
1615 1639
432 184
432 433
433 184
85 425
85 2368
1145 1323
1149 1323
2107 2571
2107 2046
2107 613
2107 2496
2624 2702
2624 2277
2624 1204
563 500
717 2568
717 1122
717 523
150 643
1947 2557
646 450
1718 2582
1718 2413
1718 2414
1718 201
1718 28
1718 1867
1718 2138
354 839
354 1072
1252 1634
1252 907
1252 918
1252 820
1252 829
1252 1485
1252 1115
1890 2039
1642 313
1642 1475
188 141
188 721
188 755
188 717
188 42
188 380
188 262
188 523
1714 1458
1341 1044
1341 812
1356 1430
2326 317
2326 508
778 56
866 890
1529 1314
1529 882
857 2060
2620 1972
1661 1469
1661 1358
143 180
143 363
2205 1799
1533 900
1533 1730
1533 1277
1533 970
1524 1381
1524 1526
1524 1243
1524 1245
1130 959
1130 1334
195 707
196 216
196 195
196 707
2678 2477
2678 2576
2189 2190
2189 2365
2190 1955
2190 2189
2190 2365
2194 1955
2194 2189
2194 2190
43 576
181 518
1002 1735
668 604
668 975
668 2413
668 2414
668 263
668 2683
668 1315
668 2562
668 310
2165 2363
2165 538
2165 1143
1727 1376
709 529
1940 2250
2432 1755
2330 1769
2330 1631
1725 1265
55 1905
55 361
55 1832
20 267
2622 2033
2317 1353
2317 2624
1194 594
2422 2376
2351 1772
1379 1611
90 680
2603 1756
2613 1756
1663 1756
1663 1266
941 1441
1207 900
2450 1881
2451 2446
2651 2059
1968 527
1968 1774
1968 2619
961 1515
595 233
595 121
2056 2095
1223 1607
42 188
1058 1211
452 117
169 212
1815 2670
1815 2671
1815 238
1815 253
46 238
46 867
441 297
1059 1055
2237 2274
2481 1858
1774 990
805 990
743 65
743 2316
744 65
744 743
744 2316
1838 2514
1838 2380
2472 2476
756 176
1461 1357
1461 1593
1461 304
81 647
1139 1018
1139 1598
1946 1030
1946 2516
64 284
1272 1604
240 2308
240 61
1319 1391
514 506
387 293
508 317
2619 1774
1367 817
1493 867
26 1129
210 644
210 148
2322 2498
1109 2151
253 2670
253 1815
27 532
272 516
272 914
692 296
331 179
331 101
802 973
1048 984
1960 1949
2204 2173
1964 1862
1964 1863
1922 2026
1176 2272
1563 53
895 1436
1224 2673
1168 802
1439 53
1439 803
2631 2601
1915 2497
1915 1981
2448 2311
2448 519
891 1437
758 265
1160 1166
2407 2704
2407 1631
2200 2703
2200 1797
1216 1035
1218 1035
1218 714
1218 1670
1218 1530
2202 2638
885 831
1069 1096
1069 1685
1069 1455
1069 422
2045 2550
2037 1584
2037 2151
2151 1584
1164 1584
2157 2565
1660 1083
1660 952
1324 1543
1324 260
2119 2154
1076 1078
1078 1076
790 1510
419 260
1347 1147
2592 1852
1723 1619
784 845
784 1338
917 784
917 1338
1015 996
1015 1338
1338 855
1519 963
1519 1177
2496 2571
2496 613
1674 1123
1674 1680
1680 1123
2233 2201
2141 2418
1685 1069
1685 1455
1685 422
1850 2554
1159 1485
380 1737
380 2641
380 2196
380 1473
380 1474
380 1257
380 934
1771 1872
1221 2703
1221 1797
938 2196
2058 755
2058 2232
1455 1694
1801 1814
834 1814
839 1526
839 1709
839 59
839 1067
1814 834
1231 854
1231 1985
1231 2086
1231 1232
2211 854
2211 1232
2216 2688
2216 2705
1495 1231
1936 1943
1014 1091
1014 1056
1510 790
1757 1842
348 1596
348 1244
1244 1596
1679 1726
1831 1832
1831 1836
1832 1836
1836 1832
1839 2688
1839 2705
1840 2688
1840 2705
209 2704
2152 1277
2267 2196
2269 2277
1277 1476
1277 2277
2402 1921
1408 1921
2206 1925
2206 1984
2379 1984
2379 2206
2392 1925
1404 755
1404 1143
2512 1930
2065 1985
2065 2086
1167 1330
1167 1331
1789 2469
1473 1474
1473 1249
1474 1249
1715 1734
1715 1386
1666 1133
2668 2365
2697 2700
2697 2288
2697 2698
2697 1759
2698 2700
2698 1759
1759 2288
1300 1342
2386 2387
588 186
588 699
2628 2629
820 829
820 1115
128 103
962 829
2576 1051
1681 1682
1682 1681
2661 2159
2661 1910
2366 2575
2366 2458
2575 2388
2280 2286
101 2680
916 2373
1751 2691
888 1731
888 41
1716 1982
1716 138
1716 41
1716 892
2285 2311
2285 2138
2234 2208
2235 2208
2362 1870
2362 2510
468 2377
468 491
491 2377
2510 1977
2510 1978
2510 2002
2510 416
126 94
126 2208
2208 2313
2219 1977
2219 2022
1255 95
358 95
358 1255
1761 2208
2318 1977
2318 491
416 138
115 2421
1906 2421
1156 1013
714 1035
1796 1030
1796 1917
589 592
592 1144
592 589
592 1509
1509 1144
1509 589
703 2233
741 1157
741 687
1704 1157
2009 2534
785 1513
1999 2515
1999 2003
2003 2515
2003 1999
2264 2519
1635 1706
280 10
1981 2491
2373 2413
2373 2414
2373 1366
1315 2595
2452 2595
2452 1315
2562 2595
1777 2064
1802 2064
1802 1777
2538 2325
2114 1923
2124 2114
990 1774
2418 2141
873 920
59 1709
59 872
2106 1750
1629 796
1874 1920
2088 2167
2088 248
2088 776
248 419
248 105
260 419
260 2069
2579 2336
2599 2162
1866 2272
1120 1677
1120 2275
1551 272
1551 914
2337 2218
2337 2606
2337 2610
914 272
1245 1243
1929 2349
571 424
571 2495
571 1762
571 19
2495 571
2495 1762
1762 571
19 571
1659 1652
1659 1093
1659 1094
2085 1093
2085 1094
355 1093
355 1094
2228 1093
2228 1094
2228 2085
617 226
422 1691
1477 1252
1485 1252
2185 2109
1885 1886
1885 1902
1886 1902
