163 402
163 659
163 1696
163 2295
163 1274
163 1286
163 1544
163 2600
163 2363
163 1905
163 1611
163 141
163 1807
163 174
163 2521
163 1792
163 1675
163 1334
163 813
163 1799
163 1943
163 2077
163 765
163 769
163 781
163 940
163 942
163 1590
163 1734
163 1872
163 2286
163 390
163 1030
163 2274
163 2518
163 606
163 800
163 1575
163 546
163 1070
163 309
163 935
163 1205
163 1571
163 1971
163 530
163 856
163 2604
163 910
163 2173
163 1253
163 1728
163 1729
163 1206
163 2177
163 1136
163 1457
163 2265
163 1225
163 2563
163 1689
163 1498
163 563
163 2396
163 717
163 1890
163 188
163 982
163 1130
163 55
163 346
163 2673
163 1379
163 1380
163 1207
163 2451
163 961
163 42
163 624
163 1573
163 2232
163 145
163 2361
163 2659
163 743
163 744
163 1139
163 1572
163 1303
163 1305
163 2204
163 1224
163 219
163 2667
163 727
163 448
163 2557
163 2200
163 22
163 1218
163 2202
163 1069
163 2175
163 966
163 1219
163 1685
163 1691
163 1850
163 1159
163 1410
163 380
163 1536
163 1650
163 1558
163 2298
163 1784
163 1831
163 290
163 1277
163 395
163 1098
163 1404
163 1099
163 2196
163 2554
163 1715
163 2248
163 2251
163 2280
163 1113
163 714
163 2638
163 602
163 1530
163 1257
163 2259
163 689
163 2039
163 1594
163 2116
163 1775
163 422
163 2316
163 266
163 658
163 1333
163 1153
163 1515
163 1114
163 523
163 1106
163 1467
168 1756
168 2604
1459 671
682 1791
682 2430
87 383
523 2551
611 2340
611 1732
638 2146
638 701
638 722
638 1808
638 383
638 618
638 1460
638 1312
638 1895
638 2673
638 2171
638 441
638 227
638 296
638 2045
638 1327
638 264
638 348
638 89
638 521
638 2426
638 1539
638 1919
638 449
747 83
747 609
747 620
747 146
747 113
1136 1063
1496 1125
1497 901
1512 1671
2508 1235
2508 2577
2508 632
2508 322
251 1877
344 1671
344 2589
344 521
1484 1521
2486 1970
2498 2567
2499 1068
2500 1068
2570 1928
1125 817
1125 818
1125 857
1125 1483
1212 1552
1240 912
1240 1201
1240 841
1240 897
1240 998
1240 987
1240 1086
1240 742
1240 1141
1240 1241
1240 950
1240 84
1240 1347
1240 1147
1241 1240
426 1187
426 2431
2338 1478
427 1766
427 2574
427 1318
427 146
427 312
427 1975
427 658
430 1617
430 1698
430 632
430 172
430 89
2342 497
1336 1478
1339 1111
1339 1570
438 607
438 227
2692 2038
74 154
74 1928
76 869
76 131
76 975
76 694
76 1934
76 345
76 181
76 2390
76 661
76 1548
76 392
76 518
1259 2312
1259 521
591 2690
591 1186
591 848
70 1521
75 1855
1854 1855
1855 2122
1855 2482
1855 1854
1864 1855
84 1240
1028 1042
359 2567
359 1320
359 1068
1935 2340
2057 2695
2057 790
2057 1510
1378 82
471 2
471 1045
471 103
471 1632
471 1859
471 295
477 1766
477 333
562 2014
562 671
565 842
565 1213
565 173
565 82
565 410
565 1975
565 671
565 333
566 173
566 671
566 333
567 21
567 502
567 385
567 970
567 277
1491 851
1491 1605
686 1698
1626 1407
1626 1698
2597 1698
690 445
1649 1213
318 445
1195 1630
1203 1119
1203 1630
1203 1411
1203 1195
325 1201
1287 810
1287 905
1288 1502
420 192
519 2223
521 156
521 2312
2426 2431
2431 2591
1608 431
295 197
2150 2183
378 2042
378 1238
378 227
378 2447
735 216
735 1956
735 2527
735 307
735 195
735 86
735 2106
735 2649
826 1273
826 1606
826 1457
826 1422
826 1237
236 1617
236 156
1107 1617
1114 1261
247 1261
2089 1261
1117 1225
1117 1261
414 1877
1309 1186
635 474
635 632
635 172
635 89
649 166
649 2294
166 457
166 1125
258 400
258 268
258 1111
478 618
478 520
478 497
478 227
478 470
1227 1236
1236 1227
1236 861
1236 296
1236 1669
1238 1500
1238 1025
2354 400
2354 556
453 2354
2360 400
2360 2354
1363 786
2455 2354
555 400
555 2354
667 1928
672 2329
672 1460
1732 853
1732 2225
1732 1493
910 1140
910 1573
910 811
910 981
910 1481
192 10
192 705
192 510
192 193
192 280
192 420
192 519
192 439
3 197
2393 2029
503 2396
503 2029
2409 638
39 24
39 82
1016 1205
1029 2456
1503 1504
1503 1525
1504 1108
1504 1276
1504 1415
1504 1507
1504 1525
1504 1308
1506 1504
1506 1525
1636 1073
1636 1684
539 454
2559 2076
2559 1747
1285 1382
407 512
407 2439
407 1763
41 1733
41 889
41 2456
48 1783
48 2456
492 1186
2526 2448
132 346
2187 531
2462 401
558 2463
558 905
2467 2468
1581 1711
745 600
745 458
745 1756
745 1763
745 666
745 1157
745 2162
745 386
745 687
745 771
745 110
745 2165
745 72
745 1564
745 18
745 477
745 2437
745 962
745 1932
745 1704
745 36
745 2325
745 124
745 127
745 355
745 205
745 1886
745 2336
745 561
745 91
1345 1344
1345 1046
1345 1047
1345 1640
1354 1695
1354 313
1354 1420
1354 1089
1354 1304
1354 1465
1354 1039
1354 1040
1354 1317
1354 806
1354 992
1354 994
1354 1001
1354 911
1354 1123
1354 1188
1354 1176
1354 75
1354 1426
1354 1674
1354 1680
1354 1047
82 548
82 1440
82 305
82 239
82 410
82 1553
82 295
1003 786
1004 786
2380 2294
2220 1958
2220 290
2226 1958
1644 1732
560 2287
1290 2329
1290 1238
1290 429
410 2
410 305
410 298
2707 774
157 1289
157 371
1283 1318
1112 1073
230 520
308 2028
308 1456
1185 1521
1185 1000
631 383
1540 842
621 471
2529 2294
2544 2568
633 197
1573 1673
1573 1432
1573 636
1573 2174
1573 1481
2655 1975
2666 2411
749 197
1954 978
1954 2150
162 173
577 2660
577 1502
577 389
577 312
577 2492
577 1532
577 401
577 2034
350 730
664 978
1593 978
2573 1942
227 823
227 1318
227 1547
227 2319
227 296
14 400
14 746
14 268
1909 2677
1909 1545
1909 632
1909 1582
1910 2416
613 268
616 268
1050 1389
1050 1306
1050 1492
1050 1499
1050 1171
1393 1502
1393 1097
1393 976
1393 1414
1393 1437
1393 1397
1393 905
343 1571
343 1303
1303 1274
1303 2347
1525 1276
1525 1415
809 1365
812 1365
814 1365
540 543
62 324
62 332
62 2425
62 945
62 2474
62 2566
62 423
1975 2408
1975 2655
2423 1732
2428 2042
1111 1101
1111 1412
2215 1877
2215 2057
671 1599
632 683
632 401
1569 1073
1569 1587
1569 1684
1570 1109
1570 1111
1570 634
1570 1164
1582 632
1527 2420
1527 2525
1527 827
1527 1240
1527 2076
1527 1747
1812 1407
798 1433
798 1095
798 792
798 1105
1565 899
1565 1088
2041 1744
726 1068
144 188
144 444
144 2102
847 848
848 1388
848 1739
848 1400
848 1607
848 1223
848 847
848 1032
538 487
538 2193
2243 831
2243 2244
2243 2245
909 827
1894 827
985 2038
1237 1521
431 156
1184 844
965 1140
965 981
965 1481
966 1140
966 1481
2130 2030
1265 921
142 1318
142 520
142 227
2397 2203
2405 2203
1411 2203
245 172
1662 1036
2437 2433
2447 2010
1548 1291
1548 1374
981 1140
1121 1046
334 267
334 20
342 1945
342 2546
342 270
342 276
342 1993
342 467
342 339
342 776
342 495
342 729
1452 1289
2259 2271
2511 2345
36 2072
36 1974
36 2390
36 1701
1553 901
1553 1552
1554 901
1554 1552
1810 1766
2348 1783
1806 2279
1849 2163
1308 1504
423 62
1326 2144
1326 2161
1326 2434
1326 971
1326 419
1326 1747
1326 248
1326 776
1326 105
808 1320
314 1073
314 156
314 1684
1182 1073
1182 1684
2176 2535
1268 1186
719 609
719 520
793 1205
793 1380
793 163
902 981
1052 600
1052 1051
429 1514
429 29
1333 1225
1146 1676
1146 820
1153 1205
1153 1063
1515 1711
2030 2659
2626 2399
2626 2656
1800 342
967 848
1365 1044
1365 812
1046 1344
269 24
1919 2431
1911 290
934 844
786 791
2179 2150
974 844
32 679
2329 1918
2329 2589
2329 1428
2690 2053
1696 1971
1706 1385
1646 145
1843 2626
442 401
2551 2473
1010 1651
2598 956
2598 1230
2706 1046
2014 2018
1818 2029
1746 1948
173 1378
173 575
173 2485
2164 2521
2164 1749
2164 5
2164 515
137 748
137 138
137 416
1941 748
138 137
1140 2294
1140 1311
1140 811
730 1889
978 1825
2005 2345
1037 1042
206 1042
1042 1435
1043 1042
2134 2644
2115 2000
2115 276
1253 811
1081 521
1082 2312
1082 521
1444 1135
2016 342
1728 168
1407 783
578 1877
1155 1407
2305 2183
2305 2150
2305 321
1724 1538
1724 1508
2589 2424
2696 2036
1063 1628
99 2578
99 1613
146 17
1460 924
976 905
2268 2445
2275 2445
2223 190
2223 510
356 190
356 510
2463 1934
1306 607
454 1368
454 183
454 541
2075 1855
2170 1325
1175 1325
1175 1628
1578 1651
1879 2355
1879 1760
1879 763
520 524
2169 2420
515 637
2434 105
623 637
1583 900
1583 2563
1583 2396
1421 1417
1421 821
428 184
428 598
428 433
432 428
2107 2574
2107 1865
268 232
268 2571
268 2046
268 616
877 1651
2624 1878
2396 2563
717 1877
152 1383
2558 2514
2558 450
1718 810
271 718
2132 1837
2315 2287
188 163
189 163
143 346
670 603
1820 2383
1820 2569
1668 2535
1520 1258
1520 1526
1520 1200
1520 920
1520 1246
1520 354
1520 1524
1520 1709
1520 834
1520 839
1520 872
1520 873
1520 59
1520 1245
1520 1211
1520 1072
668 1508
2165 2193
1725 921
55 844
346 363
246 560
1380 1611
1663 2504
2056 271
2304 2297
1058 2454
2129 2454
2237 2170
145 2521
145 2286
145 390
145 1224
145 1218
145 2248
145 2251
145 2280
145 1530
2659 743
2659 2316
1139 780
607 1055
607 821
989 1068
1493 774
1419 525
2222 2150
331 774
1878 2571
291 487
1928 1923
1928 2114
333 463
2203 2397
351 730
531 1490
2667 2295
2667 2381
2667 2504
2667 2429
1382 1313
905 1397
2312 2587
2238 2271
2249 2271
2250 2271
2252 2271
1216 1571
1218 1571
2202 1571
2202 1303
2566 2531
2611 1763
2611 2606
2076 211
1324 2076
1324 1747
419 1747
2578 99
1613 1614
1613 1162
1614 1613
1619 1613
784 1613
299 746
1536 2504
1231 956
1231 1230
2211 1971
1784 844
1260 1104
1262 1104
1684 1726
1839 290
2133 1925
2133 2199
2133 2206
2121 2212
1387 1239
1300 1320
2454 1342
2375 2416
1113 1380
2153 2699
2153 889
2153 1977
2153 1982
2153 1716
2153 2002
2153 2219
2153 2318
2153 115
2153 2008
2153 2022
2456 1742
1598 780
1716 1991
1383 1398
1384 1383
892 889
1372 352
468 182
491 182
2510 1991
2219 2008
2008 2022
2022 2008
1796 2001
1747 2434
1385 1653
1873 1998
371 2507
2124 1928
2418 2345
2069 2434
2088 2525
260 619
2579 2279
2116 2125
2533 2517
392 154
355 2068
2228 2068
2142 2096
2117 2639
1884 745
1885 745
1886 745
1887 2258
1902 1887
