2305 2
2130 5
2567 0
1046 6
1991 3
163 5
182 3
308 4
1460 4
1865 0
2434 3
1521 4
1820 0
1605 4
156 1
774 0
2508 4
497 4
1203 0
1587 1
520 0
1213 2
2354 4
1383 0
2533 0
246 3
454 6
2008 3
1570 6
798 4
1419 3
431 4
1326 3
543 6
132 2
82 2
2212 0
1928 0
2544 6
192 0
1879 0
1583 0
1909 3
144 0
1684 1
1444 4
620 0
334 4
2014 2
577 3
2243 0
1971 5
147 6
227 4
1368 6
1175 5
978 0
521 1
670 6
2667 5
1571 5
1573 2
1671 4
1240 3
1073 1
2659 5
268 0
2578 3
1042 0
2076 3
2431 1
745 0
2456 3
83 0
956 5
2504 5
1975 2
1711 2
2193 5
1186 3
844 5
