0 628
1 158
4 467
5 648
6 1501
7 2137
13 1894
13 2711
13 1493
13 1871
13 1167
16 2415
16 2417
16 2597
25 2331
27 2782
27 2021
28 1678
28 1912
28 135
33 1822
37 1745
39 2466
44 1845
50 2528
50 2529
54 2378
54 728
54 1903
55 2324
56 1027
57 487
57 2570
60 916
60 793
60 2992
66 1062
66 2342
66 3144
69 1178
71 328
73 832
75 1697
83 3318
83 3299
87 1710
88 3156
91 1992
93 2939
94 1192
94 1192
95 3274
100 1026
101 1434
108 2137
109 1454
109 2658
109 2659
109 1819
110 472
110 3274
113 1875
117 367
118 3133
119 3133
120 337
123 1992
124 1811
126 204
129 1240
132 779
134 874
135 2080
135 1566
137 2782
140 1713
147 2404
147 1647
147 2626
149 364
151 2299
157 1178
158 1097
158 2919
159 465
161 2003
161 2735
161 3070
165 2804
165 944
165 1994
167 2909
170 881
175 2941
177 2442
179 1298
185 3278
187 199
191 1927
191 2169
193 572
194 3051
198 2327
204 3087
204 1434
205 2296
206 772
208 404
220 2782
222 2857
225 1066
228 1233
229 2782
237 1731
237 2564
237 2398
237 585
241 2861
242 2299
245 1066
246 2782
250 825
250 2083
253 1992
254 1822
254 1543
254 2619
254 2732
254 2733
254 2551
254 1687
254 2067
254 3249
254 2222
254 1772
254 266
255 2277
257 2970
257 720
259 2978
261 288
266 2067
282 2348
282 1163
286 1466
286 2674
286 2401
286 1835
294 540
294 3046
302 1943
302 962
302 302
302 2651
303 1422
303 2585
303 493
303 1480
303 1422
303 2116
303 1190
303 719
303 1343
303 3093
303 2254
303 937
303 3186
304 2025
307 2782
311 413
313 964
314 2597
314 373
316 2931
323 697
328 660
329 2517
329 2618
329 1889
330 3206
330 3184
331 1278
336 2581
337 1650
339 472
340 2597
341 1869
342 678
357 2350
357 2350
361 2649
361 2444
365 1150
370 2499
371 1369
373 2925
373 1605
373 912
373 2416
373 616
373 2490
373 373
373 1117
373 1708
373 1117
374 1411
374 2790
374 2368
374 3286
375 1793
382 696
385 1700
388 2254
389 2989
400 862
402 2861
404 1718
404 1896
404 1534
404 2703
404 2966
404 2705
404 2706
405 3274
407 1364
411 1335
412 2440
412 3257
413 2718
413 2719
413 2204
413 1812
413 805
413 2720
414 1128
415 2533
417 1335
420 1933
428 2404
428 1647
428 2626
433 2829
435 1875
443 2406
443 1828
445 509
446 2388
450 542
450 2299
451 2736
452 2214
453 2782
455 1992
468 2299
468 1362
472 2269
472 1704
472 780
472 541
472 703
472 3274
475 3295
479 3105
480 571
482 833
486 509
486 1362
487 837
490 1394
490 2858
491 881
492 2404
492 2181
494 2025
504 2292
507 2834
508 1822
509 1570
509 1362
511 625
515 3299
521 964
524 2787
525 648
528 2829
531 2610
533 2691
533 1764
534 2287
541 3274
542 2295
542 1020
543 2561
549 2782
552 2412
552 2789
565 904
566 698
570 1786
572 1024
572 1998
577 2080
577 1027
582 1516
583 2384
586 2782
588 1275
590 2868
591 2704
599 1259
601 3192
603 2799
603 1471
607 2868
608 2889
612 1316
616 2415
616 2597
622 2597
624 2292
624 1335
629 1717
637 2931
641 2595
645 3315
648 2647
648 2574
648 1143
648 2575
648 651
652 2214
655 3200
655 687
655 3201
661 2404
663 2385
664 1026
667 1179
672 3133
677 2443
677 2506
677 1275
682 881
682 1471
686 2181
691 2597
691 2417
693 2182
695 2483
698 1004
709 1471
711 3103
715 2404
716 1125
716 2329
716 1125
716 1366
718 2241
734 3304
738 3241
739 2213
744 2466
750 1065
750 1065
753 1947
755 1647
755 2665
755 2257
757 1420
757 2099
764 1424
770 1591
770 1202
770 2633
772 1296
772 1331
772 1546
773 1647
773 2626
775 775
775 1422
775 1376
779 932
782 2945
783 2296
784 1822
787 1413
792 2160
797 2305
798 1992
807 2782
810 1913
814 908
816 2377
816 2426
826 2712
832 1779
835 2782
835 2021
835 2181
837 3283
844 1154
847 1875
855 983
857 2406
857 1828
864 904
864 2874
864 2874
865 1335
873 2693
874 2866
877 2442
881 2363
881 2364
884 1992
886 2769
887 2404
887 2782
887 2021
887 2247
889 2799
894 1070
894 1668
895 2782
895 2021
896 1081
898 1931
901 3037
903 2145
903 2969
904 2369
904 2371
904 1699
908 1569
908 2708
913 913
925 995
931 2597
937 2782
941 2782
950 2292
953 2736
958 2543
962 2829
965 2829
968 2782
968 2882
968 2829
975 1295
977 2699
980 2098
980 1645
982 1591
985 2443
985 1275
991 2557
991 1474
992 2242
993 2829
994 2224
998 2909
999 1754
999 2351
999 1948
1001 1577
1011 2148
1013 2597
1015 2443
1015 1275
1015 2783
1018 3241
1018 3241
1019 1875
1026 3157
1026 2158
1027 2608
1027 1620
1030 2062
1032 3241
1033 1234
1034 2782
1043 3274
1052 3215
1054 2626
1056 2593
1060 1979
1061 1061
1063 2543
1064 1853
1064 1202
1064 2527
1064 2633
1065 1065
1066 3036
1066 3203
1066 3204
1071 2829
1075 2780
1076 1589
1080 2595
1082 2532
1082 3273
1091 2861
1091 2874
1091 1471
1093 1990
1094 3051
1097 1875
1110 1952
1112 1647
1112 2626
1119 1577
1122 2991
1127 3141
1128 1761
1129 3241
1130 1591
1130 2331
1131 1875
1133 3259
1135 3207
1147 1449
1155 2442
1156 3133
1157 2829
1159 2755
1170 2726
1176 2435
1179 1707
1180 2581
1189 1767
1189 3021
1189 2060
1192 2793
1194 2246
1211 2780
1211 2780
1211 2779
1214 2649
1214 2782
1214 2444
1219 2782
1220 2868
1227 1845
1238 2506
1238 2782
1239 3215
1242 2311
1251 2483
1253 1328
1261 2480
1262 2978
1266 3273
1270 1270
1275 2506
1275 1825
1275 1731
1275 2444
1275 2361
1285 1523
1286 2790
1290 2782
1292 1811
1298 2092
1299 2406
1310 3125
1310 3221
1313 1462
1324 1449
1328 3162
1332 2777
1335 2578
1335 2612
1339 2758
1343 2782
1343 2829
1346 2861
1346 2874
1352 2412
1352 1829
1363 1822
1364 2240
1364 2184
1365 1933
1366 2581
1367 2947
1369 3071
1369 1981
1371 1962
1373 1885
1373 1948
1375 1375
1379 2442
1384 2779
1392 2857
1395 2861
1399 2224
1401 2790
1402 2243
1411 2067
1414 2861
1415 1835
1419 2389
1422 2649
1422 1834
1422 2444
1422 2783
1422 2435
1422 2257
1422 2829
1422 2021
1422 2181
1422 1658
1428 3037
1429 2331
1430 1973
1439 2626
1440 2736
1442 2437
1449 2606
1453 1875
1456 2188
1462 2039
1462 3246
1463 2704
1468 2350
1468 1867
1471 2861
1471 2954
1471 3128
1471 2494
1472 1813
1480 2782
1493 2712
1504 1933
1505 3273
1511 2502
1517 1875
1523 3169
1523 3170
1523 3171
1523 3172
1543 2067
1550 2036
1551 3274
1558 2331
1576 2174
1577 2552
1577 1882
1580 2506
1582 2299
1585 2779
1586 3241
1587 2331
1589 2453
1589 3272
1591 1665
1591 2293
1591 2622
1602 1602
1604 3104
1605 2415
1624 3037
1625 1875
1625 2224
1629 2473
1633 2622
1634 2861
1644 2404
1644 2782
1644 2021
1644 2247
1647 2626
1650 2888
1651 3304
1655 2331
1655 2506
1657 2868
1666 2435
1675 2543
1678 2631
1678 2316
1685 3133
1687 3220
1687 1992
1698 2466
1710 2215
1710 2918
1710 2112
1717 2630
1721 2473
1722 2970
1725 2404
1725 2868
1726 2790
1731 2443
1743 2033
1767 2168
1768 3274
1771 1778
1772 2067
1772 1822
1777 2224
1778 3257
1799 1811
1810 3037
1811 2102
1811 1879
1811 2091
1811 3198
1813 2184
1813 3294
1818 1992
1822 3220
1822 3194
1822 3006
1822 2180
1822 1903
1822 3271
1822 2222
1822 3107
1822 1822
1824 1883
1825 2443
1828 2406
1828 2077
1831 2626
1835 2113
1835 2063
1835 2122
1845 2746
1850 1933
1858 2543
1864 2509
1867 2357
1875 2360
1875 1989
1875 2399
1875 2426
1875 2427
1875 2205
1875 2428
1877 1973
1880 3150
1887 2357
1896 2704
1908 3302
1912 2080
1918 2649
1918 1995
1918 2444
1926 2945
1933 3008
1933 2539
1940 2404
1948 2350
1951 2988
1953 2848
1953 2041
1956 2759
1962 3031
1970 2909
1971 2062
1973 2799
1984 2989
1985 2909
1989 3027
1990 2424
1990 2161
1992 2347
1992 2819
1992 3139
1995 2089
2004 3143
2017 2174
2017 2410
2021 2023
2021 2651
2023 2782
2025 2977
2032 2299
2045 2783
2047 2991
2050 3304
2051 2465
2062 2378
2062 2062
2062 3160
2067 2499
2067 2732
2067 2790
2067 2733
2067 2222
2070 2736
2080 2661
2080 2662
2080 2346
2083 2106
2092 3222
2094 2974
2094 2975
2097 2435
2097 2829
2101 2229
2115 2782
2135 3113
2142 2971
2154 3215
2159 2894
2160 2476
2165 2561
2174 2861
2174 2509
2181 2828
2181 2181
2185 3150
2189 3215
2200 2435
2206 2868
2207 2532
2214 3290
2224 2675
2224 2676
2226 2435
2230 2782
2234 2829
2244 2868
2257 2596
2257 2925
2257 2829
2263 2408
2269 3274
2282 2829
2288 2541
2292 2913
2292 2950
2296 2646
2324 2506
2331 2427
2333 2334
2350 2351
2357 2358
2359 2359
2361 2443
2361 2506
2362 2506
2366 2790
2367 2790
2367 2541
2368 2790
2371 2874
2372 2374
2388 2389
2398 2829
2399 2861
2404 2638
2404 2919
2411 3273
2414 2704
2415 2597
2416 2597
2417 2597
2417 2637
2418 2597
2426 3027
2435 2488
2435 2882
2435 2564
2435 3074
2442 2687
2443 2444
2443 2506
2444 2649
2444 2650
2455 2861
2465 2465
2469 2470
2472 2473
2473 2670
2473 2672
2473 2868
2475 2782
2475 2829
2480 2480
2480 2481
2481 2597
2494 2861
2497 3288
2498 3274
2506 2507
2509 2875
2509 2510
2509 2511
2514 3241
2541 2541
2541 3152
2545 2799
2561 2949
2564 2665
2580 2581
2581 2848
2581 3025
2585 2782
2596 2597
2597 2625
2600 2600
2610 2611
2610 2612
2622 2782
2623 2624
2626 3054
2632 2649
2649 2650
2653 3291
2664 2991
2665 2784
2688 2689
2726 2727
2736 3034
2774 2829
2775 2829
2779 2780
2782 2783
2782 2784
2782 2785
2782 2786
2787 2788
2801 2802
2801 2802
2829 2968
2829 2967
2835 3274
2857 3212
2863 2864
2868 2869
2868 2870
2872 2873
2874 2874
2889 2890
2894 3144
2904 2905
2931 2952
2947 2960
2989 2989
2989 2990
2993 3215
2996 2997
3037 3038
3051 3207
3094 3095
3103 3267
3133 3134
3135 3136
3165 3166
3178 3179
3193 3210
3301 3302
