874 3
13 1
3288 4
1710 4
2779 3
1645 4
60 2
534 1
2971 2
341 0
2593 1
2246 4
770 2
1700 4
204 0
1912 3
1278 4
1335 4
2025 4
159 4
0 3
2473 2
2299 2
1995 2
2160 5
1828 2
645 1
2873 1
1061 1
261 3
1824 3
678 4
191 5
2904 3
2712 1
1713 1
3259 3
2874 3
1647 2
129 0
3051 1
2327 4
2759 2
3273 4
1550 3
1835 0
2610 4
913 3
980 1
655 5
1369 3
2861 3
787 0
2435 2
6 3
330 5
2665 2
1697 2
1589 5
3299 4
2931 4
542 4
2543 5
2595 1
2417 2
1471 3
2758 0
1179 3
2499 1
1442 4
1973 3
983 3
552 4
1150 2
3133 0
187 3
3027 2
1375 3
323 5
3037 3
1875 1
50 3
2829 2
2296 4
628 3
1027 4
2693 5
1591 1
1462 1
2658 0
1275 1
2083 0
2331 2
1678 4
2790 5
1931 5
54 5
716 3
2726 4
