6 17284
6 13655
6 9232
6 2128
9 19447
10 5579
18 3429
19 6200
25 2847
26 12910
26 9443
29 6794
29 3846
35 10240
47 7110
47 18166
50 3079
54 5242
55 3602
58 17090
62 1584
62 6452
62 12836
65 5640
69 9256
69 3135
69 8561
69 18946
69 6903
69 14940
69 16344
71 12110
78 15546
82 4058
83 15468
86 15744
86 11641
86 8392
89 5226
99 9192
104 2538
109 18910
112 12960
112 3271
112 4297
112 5764
117 15406
124 17493
127 5422
129 1761
132 16125
136 16624
138 15370
141 5375
141 11012
141 18373
141 14101
142 15546
144 5904
145 9818
146 17664
151 7056
152 4242
152 14237
152 13251
159 8405
160 14353
163 3327
163 3300
171 6656
178 8398
182 5594
186 8626
186 7088
193 10213
199 6352
201 12150
202 5639
204 1584
205 4823
207 11637
209 14726
212 16991
216 8175
216 17019
217 9626
219 8857
223 13939
224 2361
228 2170
228 10285
230 3773
232 10568
236 528
237 5622
237 16302
237 7831
237 15792
237 7591
237 2211
242 9589
242 528
242 2128
242 1564
243 5711
245 5477
245 2210
247 16653
253 19105
258 488
268 18740
270 628
270 4741
271 5224
275 6481
278 13093
282 11019
283 2804
284 5542
284 609
285 14686
296 4923
296 17474
296 2456
299 8974
307 2614
311 5224
317 16980
317 11832
317 11833
317 10993
317 3715
317 8010
317 6642
317 6777
317 15134
317 10648
317 17741
317 14181
317 1271
317 12561
317 3525
317 11287
317 6558
317 5524
319 11686
323 17269
323 18477
328 3602
330 18726
333 16373
337 10754
339 2361
339 8127
339 18910
339 963
339 15044
339 9490
339 9519
344 13079
348 11483
351 7116
353 18065
356 8503
357 8341
357 10455
357 18289
357 12318
360 3104
360 7765
360 8470
360 15920
360 13623
366 17415
370 12267
370 3488
370 4082
370 7256
370 2357
370 18727
370 889
371 2131
372 3165
372 4095
375 7294
377 11900
382 5075
382 2247
384 16037
386 17664
395 9723
396 8806
396 13939
400 12512
403 12280
406 9582
406 11626
406 4024
406 4864
406 8665
406 6138
406 19053
406 13939
406 10881
406 9520
410 16084
410 528
410 14175
417 11818
418 5159
424 3062
424 15406
428 18842
428 18114
428 18281
430 17432
433 1757
434 13332
435 14737
440 15325
440 16950
440 11894
440 9669
440 13393
440 8457
440 14793
440 15278
443 2777
444 2767
453 13157
453 4514
454 5612
454 15928
454 3534
454 4295
454 9578
454 10674
454 10452
454 7259
454 12787
454 7987
454 4019
454 17557
454 2824
454 17583
454 11238
454 7235
458 3165
459 1230
459 2777
461 12877
461 7711
471 18820
472 18035
474 12150
479 1642
481 16780
488 13020
488 14173
488 528
488 6591
488 14128
488 5071
488 14651
488 3105
488 3673
488 11499
488 9901
488 11813
488 10637
488 3157
488 2878
489 7952
489 528
490 4824
491 16780
493 13630
493 733
494 16028
496 4010
504 15473
504 18250
505 9366
505 6813
510 903
510 9808
515 15193
515 12150
516 12134
518 15038
528 6120
528 6692
528 4655
528 4393
528 1244
528 10185
528 4194
528 18757
528 13576
528 17193
528 18315
528 8352
528 577
528 10880
528 18741
528 2120
528 5595
528 9797
528 2554
528 1629
529 6783
529 6949
529 5716
529 2516
533 6470
533 16509
533 5224
534 7318
534 3080
544 15845
546 605
555 4098
569 3137
572 5661
573 13616
577 13020
579 4250
579 13140
579 3062
579 17493
580 7756
581 19160
582 11446
583 10540
583 9989
585 12157
586 4033
590 5718
590 4586
597 12354
597 14305
601 18508
605 4297
605 1756
609 10739
609 12876
609 1321
609 6702
609 19394
609 17760
609 11460
611 1602
611 10412
613 10587
616 15826
616 19002
616 2463
616 4925
616 13859
616 17415
616 7293
616 5639
618 9249
618 7496
624 2884
628 10765
628 14777
628 8266
628 9079
628 9010
628 2483
628 19622
628 895
628 16371
628 16690
630 2173
630 10769
630 2982
630 9587
630 1721
630 18929
630 13529
630 12138
630 17151
630 7185
637 12836
637 2334
641 11734
641 7914
641 13684
643 3502
643 7870
648 872
654 19002
656 18820
656 5224
656 4095
657 7837
657 17088
657 12370
660 8384
664 9808
665 4058
667 12066
668 9415
668 12318
668 7928
669 738
670 8821
672 4193
672 12066
672 6581
680 13910
680 18943
680 7626
681 11442
690 11304
695 8376
698 18502
707 3165
709 9192
709 18538
709 716
710 18945
710 1761
712 18551
716 18912
716 2120
716 14284
716 12502
716 11048
716 14107
716 16838
716 12251
716 11442
717 17192
728 16982
733 2767
735 3062
735 12279
735 9241
735 17493
735 4400
736 15012
738 11522
742 5716
745 9518
753 17048
753 6190
753 1761
753 7018
754 13018
754 7293
754 9040
754 9723
755 16624
755 17303
759 2463
759 14353
766 14218
766 7862
767 17284
767 5270
767 13655
768 16794
772 2703
774 4086
776 12432
778 13020
780 17677
786 11177
791 5507
792 18781
803 14839
803 14978
803 4140
803 1847
803 9311
803 14979
803 1474
803 16754
803 16720
803 4513
803 2216
803 4455
803 10573
803 12435
803 11664
805 5113
806 13109
806 14477
809 7105
812 12066
813 12667
814 17077
822 5781
822 13214
822 2694
823 5947
826 17192
834 6859
838 11848
840 17274
840 9114
850 16342
857 17177
865 6555
869 17944
869 8770
880 9846
882 15181
883 10984
887 2695
887 14385
887 14742
887 7063
887 13633
887 3848
887 7124
888 10629
895 14777
897 2538
897 1761
901 4034
901 4826
901 13776
901 4811
903 9040
903 6917
903 18139
903 18163
903 19538
909 17500
909 14025
918 1551
918 4631
918 19159
918 5775
920 17003
934 16541
948 5224
949 18958
951 11545
951 7293
951 3298
952 14069
953 18726
956 7665
957 7110
957 18477
963 2584
963 9057
965 8619
966 15546
968 1635
969 7825
970 8598
971 4114
972 12726
975 11446
978 10397
981 9114
982 16297
985 14942
989 10664
989 12047
990 8106
997 15998
1000 18587
1004 13534
1009 7861
1012 4323
1012 12066
1013 19337
1036 14418
1036 15235
1037 13876
1037 16342
1043 18933
1045 9886
1045 2128
1045 4323
1045 10754
1046 11540
1051 4470
1051 2942
1051 13295
1051 2049
1051 9401
1056 13617
1056 2311
1060 12200
1060 15571
1061 1484
1062 14218
1068 1584
1085 17723
1085 9073
1085 18536
1085 4524
1086 4222
1086 16125
1086 5058
1087 3663
1097 5579
1104 10055
1106 9943
1106 15088
1108 18415
1117 2235
1118 3190
1119 6555
1122 13144
1129 14781
1133 4332
1133 4722
1136 18569
1142 12066
1142 2884
1142 19223
1142 3900
1156 17415
1169 19052
1181 4033
1194 2128
1197 4400
1197 9490
1197 9519
1197 17901
1200 7136
1209 18743
1213 4683
1213 9587
1213 10308
1213 19016
1213 7124
1218 8885
1223 12066
1227 11540
1229 19160
1230 11168
1230 12902
1233 17415
1238 5639
1244 4323
1244 4823
1244 15696
1245 2940
1249 10510
1249 3451
1249 2361
1253 10540
1259 6788
1260 11540
1261 2804
1265 1551
1269 14353
1271 4400
1271 9589
1271 10540
1272 18767
1272 4133
1272 4261
1272 1475
1272 16051
1272 8857
1272 10433
1272 16731
1272 16460
1272 4911
1278 9574
1286 15750
1286 10595
1286 2955
1286 7470
1286 2235
1286 10390
1286 13123
1286 1456
1301 19366
1306 15301
1316 3190
1316 7862
1321 12002
1321 16342
1324 18743
1329 16355
1334 16621
1347 11757
1348 7299
1357 8945
1360 5302
1360 3380
1360 19057
1360 14375
1360 12464
1360 15162
1360 9881
1360 17420
1360 4145
1360 2431
1360 10098
1360 14746
1360 2453
1361 3137
1365 17493
1365 3165
1365 5972
1365 8828
1366 19188
1370 12678
1371 5579
1371 1683
1373 18145
1378 7443
1378 3541
1378 1720
1378 12925
1378 4048
1380 9232
1391 16028
1393 13939
1394 15899
1394 10366
1394 14175
1398 4133
1404 11955
1408 14726
1410 7862
1410 4340
1413 2352
1416 5464
1425 16355
1425 8974
1425 3307
1427 3941
1429 3171
1432 5542
1436 17217
1439 9168
1439 7293
1452 17217
1456 19030
1456 7914
1456 11734
1456 9755
1463 5224
1467 16342
1468 7318
1469 13911
1474 13655
1474 4823
1474 17664
1474 14025
1477 18829
1483 7579
1484 5102
1484 5402
1484 15970
1484 18040
1484 17198
1484 15841
1489 18729
1489 2716
1493 17991
1493 9693
1493 8226
1493 6972
1493 10296
1493 13540
1493 6042
1493 8639
1493 19482
1493 17965
1493 4300
1493 18382
1493 10456
1493 17004
1493 6452
1493 2330
1493 8924
1493 15278
1493 18223
1493 13972
1499 10484
1499 13453
1501 18770
1504 10406
1504 14386
1506 1946
1506 12066
1513 2473
1513 5200
1514 8885
1516 5422
1519 8626
1521 2703
1522 9647
1533 6932
1539 8537
1539 11762
1539 18839
1539 11099
1550 16656
1551 1683
1551 8405
1551 5639
1557 14188
1560 14062
1560 4297
1564 4095
1564 15780
1564 11442
1564 18444
1564 2506
1564 4616
1564 11848
1564 9078
1564 4173
1564 16853
1564 2708
1564 4927
1564 13879
1564 18673
1564 3540
1564 16379
1564 5356
1564 8291
1564 18722
1564 7444
1564 14727
1564 3337
1564 5839
1564 3715
1564 8038
1564 7691
1564 13121
1573 15952
1573 12678
1573 1683
1573 14353
1573 6276
1573 15189
1582 16283
1583 15210
1584 18462
1584 15225
1584 17335
1584 4057
1584 14026
1584 11299
1584 10011
1584 17164
1584 14836
1585 16229
1586 14857
1586 17538
1590 16391
1591 10915
1594 12440
1595 13730
1599 15575
1600 4010
1602 6556
1602 18021
1602 16894
1602 6760
1602 18934
1602 10826
1602 8173
1602 19079
1602 17765
1602 14225
1602 6726
1602 14724
1602 1923
1602 17181
1602 11773
1602 9394
1602 8500
1602 11095
1602 11079
1602 18779
1602 13133
1602 4412
1602 9385
1602 15906
1602 11836
1602 15469
1602 9471
1602 15786
1602 10776
1602 13022
1602 8172
1602 7816
1602 7641
1607 7199
1607 8024
1607 17815
1607 15995
1609 9564
1614 3042
1614 13561
1618 12545
1624 14942
1628 12626
1628 10455
1635 7092
1637 14085
1637 2750
1637 15267
1637 3982
1637 16093
1637 6588
1637 18064
1637 18776
1645 16579
1645 14751
1645 5471
1645 5137
1647 16414
1659 16125
1660 9304
1660 17939
1664 18373
1666 4984
1666 8698
1667 16779
1671 8576
1674 4578
1675 15739
1677 5096
1682 15309
1683 4560
1683 18700
1683 4826
1683 4034
1683 4811
1683 9741
1683 9040
1685 3733
1685 2441
1685 11473
1685 2274
1691 14914
1692 16625
1692 8109
1692 6764
1692 12152
1699 5149
1710 16125
1712 3674
1713 7480
1715 18809
1716 14417
1716 7852
1721 18145
1723 7102
1727 3540
1729 3154
1730 4133
1739 3992
1739 6441
1739 6689
1740 5478
1748 3082
1748 16318
1752 7861
1752 6949
1753 4791
1753 3260
1754 3190
1756 15282
1756 6932
1756 2444
1756 10106
1757 8187
1757 14122
1757 5155
1757 7549
1757 17249
1757 11297
1757 10784
1760 11048
1761 5236
1761 1832
1761 2612
1761 17242
1761 19084
1761 16817
1761 10146
1761 5888
1761 9346
1761 6162
1761 4208
1761 3005
1761 15476
1761 12256
1761 16425
1761 15378
1761 4961
1765 2049
1772 5848
1775 14742
1775 10377
1775 3693
1776 9262
1776 5569
1783 11762
1785 10540
1785 9989
1785 2128
1800 7636
1802 18890
1802 5410
1802 12235
1802 10955
1802 13733
1802 11862
1805 15506
1806 13911
1810 12839
1811 12066
1813 15546
1813 12036
1814 11300
1817 9811
1817 2871
1817 5674
1820 4045
1821 11937
1833 4222
1833 12002
1833 16125
1836 2847
1838 16981
1840 2655
1840 5898
1840 16901
1840 17439
1840 11586
1840 16964
1840 3037
1841 11955
1841 3917
1841 16319
1841 14886
1843 8376
1843 4222
1844 17335
1846 17217
1846 6800
1846 15468
1846 14163
1849 8803
1851 14671
1853 2300
1854 2889
1861 2329
1864 9045
1864 15513
1865 14175
1865 14239
1865 10249
1865 6018
1865 2128
1870 7039
1870 5848
1870 15210
1876 12561
1876 3828
1876 11619
1876 8848
1876 14557
1876 9263
1876 19305
1876 10993
1881 8070
1883 7832
1885 18501
1887 12354
1891 14305
1891 4823
1901 7966
1907 9709
1907 10754
1907 15468
1907 16586
1908 14062
1911 12638
1926 8974
1936 19600
1940 18735
1941 5898
1945 18906
1946 14821
1946 2529
1946 2558
1946 4193
1947 10629
1952 19402
1954 19104
1954 2464
1954 16579
1954 10114
1954 7092
1954 4522
1954 7091
1954 11450
1954 8317
1954 3713
1966 13928
1968 9237
1969 16391
1972 13580
1972 13876
1974 18745
1977 18726
1982 5048
1987 4424
1989 5405
1989 16379
1992 11546
1992 3754
1993 4916
1997 6055
1998 19106
2007 13011
2008 6555
2019 10684
2019 2871
2024 13959
2024 4112
2026 12875
2028 16308
2028 18484
2028 5408
2031 4262
2031 18145
2038 9808
2039 10455
2039 9415
2041 9808
2042 12134
2048 11374
2049 8715
2049 9040
2064 8715
2065 7784
2066 3971
2072 13915
2082 5639
2085 9626
2090 2475
2090 13402
2094 14353
2095 11483
2098 14305
2098 6445
2098 10397
2098 15167
2098 7266
2109 15975
2111 12157
2112 16283
2112 17303
2112 10854
2114 2128
2114 10754
2114 6675
2115 14305
2117 10540
2117 15045
2117 14312
2117 6302
2120 10279
2120 11665
2121 17901
2121 9490
2121 9519
2124 7199
2124 11009
2128 10126
2128 13162
2128 14258
2128 15411
2128 10690
2128 6838
2128 3930
2128 2333
2128 2902
2128 7994
2128 7265
2128 15925
2128 10373
2128 6692
2128 14194
2128 11452
2128 16528
2128 8855
2128 13403
2128 11451
2128 2437
2128 13931
2128 7399
2128 7115
2128 12534
2128 12974
2128 5263
2128 2804
2128 10540
2128 15055
2128 10573
2128 17755
2128 17847
2128 2170
2128 17018
2128 16033
2128 6098
2128 16778
2131 4556
2132 2311
2132 8070
2139 14901
2141 9553
2141 4411
2143 10252
2143 16085
2144 3531
2144 4332
2149 18453
2151 19002
2154 13140
2154 4323
2154 16779
2160 2851
2162 3171
2169 16637
2170 15565
2182 5901
2182 11937
2184 11574
2187 17829
2187 13251
2199 9893
2203 9103
2203 10846
2203 9930
2203 11881
2210 5579
2211 3190
2211 7966
2212 10258
2213 10785
2214 13423
2215 14726
2216 6302
2219 9915
2223 17415
2224 7219
2224 18841
2224 9830
2233 17276
2234 9490
2235 19057
2235 19183
2236 6788
2239 16722
2239 5491
2240 13459
2241 18145
2241 14417
2247 13610
2247 16397
2247 16498
2247 17713
2247 8070
2247 18498
2247 13486
2251 15852
2254 4323
2256 10743
2259 16126
2262 7110
2268 5972
2269 8154
2274 4712
2274 11652
2274 3071
2274 8215
2274 16325
2274 3072
2274 14558
2275 14045
2278 2703
2281 3876
2284 9372
2284 3860
2286 3278
2286 16085
2286 14796
2289 11456
2295 5422
2295 12364
2297 6307
2297 7642
2297 14631
2298 18035
2300 14898
2300 16580
2300 11743
2300 17179
2300 11937
2300 15955
2300 5982
2306 12545
2311 9326
2311 16498
2311 8239
2311 10451
2328 17335
2331 15493
2331 16200
2332 4269
2334 13779
2335 13279
2335 3394
2336 9589
2336 7952
2336 3062
2338 14781
2338 7861
2338 5716
2343 14067
2343 12824
2343 13859
2344 4184
2346 14163
2346 17701
2346 14783
2349 4627
2349 2754
2352 2751
2359 13534
2361 10244
2361 19181
2361 15045
2361 12241
2361 3887
2361 9723
2361 9951
2361 4327
2364 11524
2365 10302
2365 6302
2365 8598
2368 3900
2371 10629
2373 19262
2384 14185
2386 6058
2388 14127
2389 4581
2390 7861
2397 17358
2401 14353
2402 15370
2402 18157
2402 6239
2406 12066
2408 5904
2409 7448
2409 15773
2412 9808
2415 9808
2417 6975
2420 11304
2428 3677
2428 16526
2430 11641
2430 13307
2432 15572
2437 18740
2440 14726
2441 4925
2442 18035
2452 9366
2454 3825
2455 19188
2456 17551
2461 8359
2461 5237
2461 3332
2462 14353
2463 5037
2463 9040
2463 4415
2463 13525
2463 14320
2463 4837
2467 7532
2471 13333
2475 3601
2475 3929
2475 4440
2475 7124
2475 18949
2475 9561
2475 18794
2475 10094
2475 17315
2479 13928
2487 17540
2488 12553
2491 3165
2492 18749
2493 9989
2501 10244
2501 11619
2506 4781
2507 16125
2509 3162
2509 7861
2515 18785
2515 10141
2515 15053
2515 17535
2515 14396
2515 5587
2515 12348
2515 11813
2515 12342
2515 5394
2515 11621
2515 13322
2516 15884
2516 12235
2516 4840
2516 7861
2516 7979
2516 4929
2516 13475
2518 4112
2520 15953
2520 17192
2522 5224
2523 4262
2523 4043
2530 14173
2532 8813
2532 12553
2532 2738
2533 15468
2534 3743
2538 9281
2538 7632
2538 12476
2538 14985
2538 3159
2538 11491
2538 7434
2538 7308
2538 5468
2538 5260
2538 5047
2545 13079
2546 9590
2546 14602
2546 15708
2546 6281
2547 5968
2549 14353
2554 9886
2554 10540
2554 10754
2554 11619
2559 12280
2559 2730
2559 18427
2562 14353
2563 12553
2567 5035
2568 7532
2577 15035
2577 7110
2577 16624
2577 6331
2580 16028
2583 11974
2584 17701
2584 7756
2584 15114
2584 17649
2584 15468
2584 11084
2584 6347
2584 14107
2586 7284
2592 13643
2593 5159
2608 4755
2608 11621
2608 8042
2608 3619
2608 17440
2608 3358
2608 11394
2611 16637
2613 3971
2623 13876
2623 13795
2628 10425
2642 16770
2653 7966
2655 8813
2659 18791
2659 10163
2659 14893
2659 8480
2661 18945
2664 15843
2667 14207
2671 6131
2679 16194
2679 14373
2679 8946
2680 5144
2681 13616
2684 7815
2690 10457
2690 15224
2702 9443
2702 17750
2703 11699
2703 9564
2703 14051
2703 15936
2703 18929
2703 18586
2703 11525
2703 10826
2703 18600
2705 16637
2706 9262
2707 10706
2708 6828
2708 5917
2708 17493
2708 11437
2708 9680
2708 5909
2708 11425
2708 18665
2711 6985
2711 4308
2711 6771
2722 9665
2725 16125
2730 18701
2730 4893
2730 18809
2730 14603
2731 13890
2738 16416
2740 14353
2745 15921
2747 5730
2756 8984
2756 10546
2756 8553
2759 15695
2759 6949
2761 3929
2761 8106
2767 3187
2767 16112
2767 9231
2776 15546
2777 4753
2777 9171
2783 4524
2783 15858
2783 10929
2783 16819
2784 8632
2788 8392
2790 12350
2796 8963
2804 16754
2804 12978
2804 10675
2804 13641
2804 7399
2804 6616
2804 16033
2804 9275
2804 13754
2804 17147
2804 3279
2804 3695
2804 17847
2804 8886
2807 16347
2812 3602
2815 13911
2825 16360
2835 12150
2839 4033
2841 12920
2845 19262
2845 13569
2845 10785
2846 11044
2846 14796
2847 11027
2847 13764
2847 12719
2847 7313
2851 13964
2851 16292
2851 4315
2851 4322
2851 13807
2852 18035
2857 4339
2857 12969
2861 4148
2862 16538
2862 3162
2864 18749
2864 7832
2870 15224
2884 16293
2884 14821
2884 11089
2884 12240
2886 5242
2891 17088
2897 9329
2898 7862
2900 4989
2902 8598
2908 9652
2919 18743
2940 9222
2940 12105
2940 12839
2944 18901
2951 7847
2954 4823
2954 13140
2955 19183
2955 15681
2967 10540
2971 11526
2971 7476
2971 12457
2971 10094
2974 17415
2987 11978
2987 3015
2987 14048
2990 5026
2994 15744
2994 8392
2994 11641
2994 9808
3013 16470
3014 17701
3015 11674
3015 4863
3015 5943
3015 12281
3018 11483
3021 3825
3024 7571
3029 17815
3029 7199
3035 12875
3036 10376
3038 18768
3043 5507
3043 9846
3044 5500
3053 5768
3054 16379
3058 17387
3060 3165
3062 11468
3062 18719
3062 13392
3062 5207
3062 3601
3062 9193
3062 18740
3062 17701
3062 9388
3062 14742
3062 17053
3062 16284
3062 11595
3062 11211
3062 18589
3069 5768
3073 18820
3073 11876
3073 9838
3075 17315
3077 9237
3079 18990
3081 16958
3082 17415
3082 8747
3082 9835
3082 18454
3093 16125
3102 7110
3102 8031
3102 18477
3104 13643
3104 8574
3105 11483
3114 7527
3123 6262
3123 12738
3124 18906
3129 9349
3131 3307
3134 3162
3135 8776
3137 6223
3137 16483
3137 14003
3137 15864
3137 11894
3137 11450
3144 8857
3145 12955
3150 9490
3153 12047
3154 17493
3157 6591
3157 3673
3159 14045
3162 14455
3162 15391
3162 17917
3162 8783
3162 14215
3162 11363
3162 10101
3162 11141
3162 5470
3162 18414
3165 12070
3165 6801
3165 5362
3165 12999
3165 4598
3165 5698
3165 18188
3165 6985
3165 6447
3165 13969
3165 6404
3165 11334
3165 4225
3165 18341
3165 10748
3165 3337
3165 11546
3165 8352
3165 12514
3165 8859
3165 11596
3165 12222
3165 18742
3165 7483
3165 5839
3165 6139
3165 18722
3165 12862
3170 14062
3171 14653
3171 7943
3171 4421
3171 14184
3171 8213
3182 3269
3184 11624
3187 4188
3190 12160
3190 16211
3190 8090
3190 12643
3190 7862
3190 10213
3190 3667
3190 6510
3190 18767
3190 6043
3190 9071
3190 8469
3190 14234
3190 6366
3190 8664
3190 5307
3190 15357
3190 19208
3190 8974
3190 5913
3190 18080
3190 4694
3190 4520
3190 6656
3190 4340
3190 7407
3190 15545
3190 9181
3190 8621
3190 7311
3190 8192
3190 10300
3190 10631
3190 15087
3190 9983
3193 18738
3196 10990
3203 17664
3207 18940
3207 8974
3207 3307
3217 14155
3218 14886
3218 5136
3218 16319
3218 8682
3229 9519
3230 16779
3233 17192
3239 16355
3239 17165
3241 8546
3241 18041
3244 14816
3244 16506
3245 9343
3249 7862
3249 8974
3249 4340
3255 12134
3256 16974
3258 8005
3260 18502
3269 14845
3269 12545
3271 11016
3271 8772
3271 5159
3271 7720
3272 3478
3272 13301
3273 19059
3273 13140
3273 17493
3273 3629
3276 14698
3279 17901
3279 17701
3279 6800
3284 9808
3286 3512
3287 14320
3287 6452
3287 6256
3287 18659
3293 17029
3298 11299
3298 7136
3300 7245
3307 11450
3307 17388
3307 6411
3307 16687
3307 17019
3307 7531
3307 11024
3307 19269
3307 11960
3307 4680
3307 9548
3307 11034
3307 5906
3307 17025
3310 16748
3313 16443
3317 10943
3317 13394
3326 14045
3327 18170
3331 13616
3333 10279
3333 4400
3333 9519
3333 9490
3333 17901
3333 11665
3336 11304
3341 16637
3350 5221
3357 5716
3374 8885
3385 16538
3390 12552
3390 18743
3390 10427
3390 10304
3390 15577
3390 5899
3390 8570
3399 11762
3402 12019
3404 17328
3408 12542
3408 14175
3408 9087
3408 10397
3408 14305
3408 11228
3408 5972
3410 9197
3410 17682
3410 14796
3419 10629
3419 4297
3420 18964
3426 4923
3429 18946
3429 13756
3429 7636
3429 8561
3439 14353
3441 5754
3441 10754
3441 18709
3441 15117
3448 14353
3449 19042
3451 16486
3451 17701
3451 17825
3451 15130
3452 6578
3452 12066
3453 18281
3453 12368
3457 10376
3468 18966
3477 15481
3479 8626
3484 12354
3486 14519
3487 15253
3487 16523
3488 11386
3488 9943
3492 9989
3494 5507
3494 17192
3496 12758
3496 5038
3502 4007
3502 3674
3502 5212
3506 10857
3517 4810
3517 10684
3520 7832
3524 16685
3525 6642
3531 12194
3531 10455
3531 17426
3531 5446
3536 6345
3537 10471
3540 13140
3540 9989
3540 13162
3541 6092
3541 12457
3544 10540
3544 9056
3544 11665
3554 4262
3554 4133
3558 3756
3565 15943
3568 15468
3570 6022
3570 16188
3571 16376
3574 5113
3576 13700
3577 14544
3588 11173
3590 17671
3590 6439
3592 14025
3600 11262
3600 12126
3601 5224
3602 17774
3602 8170
3604 14624
3604 11614
3604 9024
3609 18435
3611 14726
3615 4411
3615 6725
3619 5585
3629 6771
3629 14742
3632 15721
3636 4240
3644 12960
3649 12036
3650 12839
3663 15915
3663 12706
3665 11762
3667 6691
3667 18145
3673 14173
3674 7959
3674 8609
3674 17027
3674 9208
3674 12256
3674 11450
3677 16057
3677 7091
3677 11450
3677 7092
3677 6763
3677 14484
3677 14076
3677 9097
3677 17800
3679 18307
3691 3940
3693 11085
3693 12432
3695 14305
3695 10941
3701 17664
3702 11764
3713 3940
3713 18472
3713 14737
3715 4095
3715 10540
3715 14312
3715 4927
3721 4581
3724 8707
3729 14726
3729 5075
3730 5384
3730 4897
3731 17415
3733 11412
3743 7254
3743 18966
3743 10091
3743 14834
3753 14911
3753 14885
3754 10754
3754 19259
3754 17988
3756 10348
3756 16010
3756 14632
3756 4885
3756 5491
3756 4938
3756 4663
3756 14066
3756 14270
3756 9154
3756 14198
3756 5374
3756 8244
3756 8138
3756 10045
3760 15301
3773 6893
3780 4043
3788 9808
3789 18768
3790 14147
3790 17653
3791 5470
3791 7979
3805 12350
3805 13078
3810 17399
3810 17943
3810 6656
3822 10308
3825 13835
3825 12802
3825 4218
3831 6555
3831 9806
3831 6760
3831 17280
3831 15167
3831 14305
3843 8405
3846 6256
3848 6760
3848 6938
3852 10990
3858 16965
3860 7553
3860 6245
3860 7979
3860 4929
3860 9451
3860 14265
3861 13332
3863 17943
3875 17876
3875 16229
3876 10204
3876 16347
3876 13306
3878 10892
3878 10823
3878 12163
3885 9808
3888 12678
3888 16770
3888 18399
3895 13668
3899 13312
3899 4455
3899 14386
3900 17310
3900 18869
3900 11835
3907 9192
3915 4262
3918 4400
3918 4823
3918 11719
3918 4927
3924 17077
3930 10540
3930 9989
3934 6951
3939 11483
3940 17645
3940 14737
3940 10742
3940 7191
3941 14649
3942 4491
3942 16780
3948 7734
3948 16494
3950 7456
3951 8862
3961 15281
3969 8034
3969 13677
3971 6402
3971 5996
3971 4477
3971 13859
3971 10219
3971 4964
3971 15701
3971 7456
3971 11024
3971 8287
3971 14453
3979 14045
3992 17493
3992 11879
3992 14373
3994 7018
3997 15870
4001 14353
4009 12354
4010 16909
4010 11809
4010 13733
4010 11551
4010 11589
4010 7226
4010 17019
4016 5442
4019 18444
4024 13939
4027 11665
4033 17072
4033 15647
4033 11716
4033 11409
4033 13241
4033 18907
4033 5997
4033 17025
4034 7815
4037 4273
4043 4067
4043 6262
4043 7093
4043 9992
4043 15783
4043 11279
4043 5543
4043 7807
4043 15566
4043 16009
4043 8120
4043 15878
4043 4571
4043 18232
4043 9027
4043 13961
4045 16200
4045 18420
4045 17404
4045 19171
4051 17415
4053 5800
4056 9232
4056 8042
4056 9490
4056 5972
4058 6932
4058 6452
4058 8046
4058 18261
4061 14942
4062 13104
4063 11304
4064 14045
4069 5096
4074 10385
4086 14175
4086 6339
4087 17653
4094 17415
4095 18744
4095 8197
4095 4927
4095 13121
4095 4173
4095 13121
4095 15780
4095 5839
4095 15794
4095 5356
4096 9726
4098 14536
4098 6112
4098 17736
4098 13023
4112 8734
4112 18945
4112 5048
4112 5029
4116 12308
4116 9830
4119 12342
4119 16195
4119 15659
4131 6975
4133 11407
4133 5994
4133 4976
4133 18826
4133 8324
4133 4911
4133 7366
4133 16560
4133 12165
4133 14970
4133 16460
4133 8621
4133 5243
4134 15575
4139 18837
4142 10540
4142 9519
4142 18870
4143 17551
4145 13332
4148 13177
4148 9893
4149 8392
4149 14353
4149 16794
4149 8405
4149 9808
4150 4581
4150 9723
4150 12875
4152 9808
4152 8830
4152 13235
4158 10915
4160 8081
4177 12580
4181 15409
4181 7952
4181 10397
4181 14175
4183 14080
4184 15564
4184 12643
4184 10301
4184 6288
4184 14591
4185 18949
4186 18958
4188 16073
4191 14353
4193 7847
4194 19231
4194 4664
4194 16779
4194 6302
4196 10830
4198 9192
4199 10015
4201 17432
4206 12150
4214 7861
4218 15546
4220 15600
4222 15503
4222 18211
4222 8385
4222 16457
4222 15857
4222 16513
4222 18730
4222 15664
4222 12569
4222 12924
4222 7536
4222 5058
4222 16772
4222 8012
4222 18853
4222 17910
4222 16748
4222 18825
4222 9998
4222 12200
4222 15571
4228 12875
4230 19637
4231 17335
4237 18740
4237 4781
4237 11376
4237 5224
4238 16780
4240 4368
4241 16901
4242 7828
4242 16495
4242 5800
4244 15542
4245 12982
4247 4262
4250 11866
4250 12285
4252 8857
4257 8403
4257 15130
4257 6800
4257 7409
4258 17194
4261 4976
4262 11309
4262 16122
4262 7906
4262 6977
4262 14275
4262 9181
4262 13746
4262 13305
4262 18556
4262 7711
4262 8961
4262 8289
4262 19429
4262 16841
4262 4976
4262 16999
4262 6336
4262 12711
4262 11809
4262 17982
4262 18799
4262 8753
4262 5935
4262 16717
4262 18898
4262 6484
4262 8381
4262 11603
4262 12463
4268 5075
4269 9268
4275 19081
4279 18906
4284 19715
4285 14045
4287 9237
4290 5463
4294 15495
4294 16545
4294 12267
4294 4696
4295 12357
4295 9596
4296 5375
4297 12019
4297 10629
4297 18199
4297 6968
4297 15927
4297 14445
4297 12440
4297 5333
4297 16098
4297 18921
4297 18072
4298 5946
4300 10457
4306 10629
4310 13534
4311 7832
4312 14045
4316 17921
4321 12960
4322 17748
4323 4513
4323 14889
4323 9886
4323 18421
4323 18622
4323 10754
4323 12561
4323 12435
4323 19037
4323 11935
4323 12439
4323 14008
4323 7399
4328 14045
4332 11450
4332 8509
4332 7091
4332 19374
4332 7422
4332 5549
4339 12216
4339 9941
4339 9294
4340 15087
4340 4411
4340 15864
4340 13052
4340 11894
4340 9983
4340 7445
4340 19281
4340 6043
4340 12576
4340 5355
4340 12019
4340 5346
4340 17956
4340 14609
4340 11296
4340 8974
4349 4984
4349 10568
4356 7293
4362 16221
4365 16810
4374 15843
4376 8376
4381 7318
4388 10039
4392 15577
4392 18817
4393 8042
4397 16300
4397 17440
4397 14114
4397 13020
4400 15738
4400 10690
4400 17053
4400 12251
4400 8426
4400 14284
4400 15467
4400 18744
4400 11816
4400 4405
4400 15671
4400 9440
4400 8697
4400 9014
4402 13402
4402 4645
4408 17664
4409 18906
4411 11111
4411 13018
4411 6268
4411 17050
4413 5666
4421 18145
4425 12559
4428 13803
4428 18906
4429 13140
4429 4823
4440 12595
4440 18978
4443 9979
4443 17804
4444 7821
4445 18870
4445 15045
4445 15468
4445 17701
4446 14417
4447 14417
4450 9970
4458 7862
4462 14417
4476 9088
4477 18743
4478 10204
4479 11641
4480 8293
4481 17335
4493 14971
4493 5703
4493 18441
4494 14721
4505 7293
4513 16810
4513 7579
4513 12066
4513 8598
4514 16342
4517 6365
4517 18840
4520 14218
4524 18839
4530 12933
4532 13111
4534 18035
4535 10752
4535 5716
4541 18035
4544 10706
4544 16810
4544 14305
4544 12066
4546 13304
4546 9367
4546 10540
4546 10397
4546 11228
4546 14305
4546 14175
4553 14353
4559 13876
4560 13623
4560 12678
4561 10528
4561 13631
4561 8021
4561 16691
4561 11839
4561 9507
4561 15172
4571 15700
4578 11845
4581 17781
4581 17387
4581 8750
4581 12680
4581 14076
4581 11262
4581 7293
4581 5002
4581 11453
4581 16357
4581 17034
4581 7388
4581 11024
4581 15542
4581 17192
4581 5538
4581 5500
4581 15663
4582 16391
4585 14127
4586 5225
4586 4616
4586 7561
4587 5800
4598 13140
4604 15952
4605 17415
4610 18945
4610 5594
4625 6932
4625 6480
4630 12638
4631 12347
4631 5661
4631 8034
4631 5579
4631 18729
4631 5024
4631 17105
4631 13525
4633 14353
4636 14275
4638 5609
4638 18820
4641 16379
4641 15468
4645 8734
4645 18897
4645 18145
4645 7828
4647 14450
4648 9197
4651 7861
4653 16418
4655 13016
4655 11665
4658 12875
4659 14218
4665 16443
4667 17649
4667 17111
4667 10256
4667 17053
4667 12102
4672 17653
4677 9232
4678 8586
4678 8068
4693 6833
4696 17025
4696 17019
4696 18288
4696 7452
4696 4980
4696 6244
4696 8263
4696 12267
4696 6411
4696 17165
4700 7311
4702 9989
4702 7579
4715 17003
4722 18827
4722 7116
4722 8509
4722 13661
4722 8510
4722 12256
4732 13235
4732 17415
4740 19016
4741 8361
4743 7138
4743 8568
4743 10754
4744 9241
4745 8042
4750 18743
4752 9723
4753 17526
4759 10540
4780 18740
4781 11526
4781 13337
4782 11887
4782 12954
4782 12394
4782 5026
4782 14380
4784 17281
4791 15857
4791 15664
4791 16278
4791 12924
4791 6568
4791 17054
4791 7973
4791 18853
4791 5619
4791 7180
4791 5605
4791 19247
4791 13795
4791 10301
4798 9040
4802 9386
4811 15189
4811 13623
4811 18900
4811 16770
4818 18683
4823 15696
4823 8945
4823 18742
4823 11456
4823 10690
4823 10510
4823 7900
4823 8329
4823 5612
4823 10754
4823 11188
4823 10920
4823 9519
4824 5496
4826 16770
4826 17415
4826 7326
4826 9802
4826 18900
4828 4893
4828 7407
4828 14077
4828 13474
4828 15298
4829 8813
4834 5800
4837 17192
4837 16770
4837 5579
4846 8632
4846 16538
4848 14045
4848 16820
4848 10752
4848 10310
4848 16943
4856 12354
4857 9241
4863 5941
4889 14045
4893 18145
4903 6334
4906 7311
4906 5616
4909 14373
4911 18122
4912 17165
4913 19124
4913 19335
4914 5579
4914 17415
4921 18846
4921 17899
4922 8432
4923 6949
4925 17166
4926 13633
4927 9519
4927 5839
4927 5356
4927 17193
4927 11893
4927 17901
4927 8668
4929 6949
4929 5716
4930 11955
4936 11641
4937 9390
4937 8221
4938 11044
4942 8046
4944 11820
4946 18743
4961 16228
4961 5048
4961 11540
4961 14722
4963 7059
4964 5048
4968 16055
4969 8371
4974 10555
4976 18897
4976 11809
4976 8621
4976 18702
4977 13073
4977 19151
4977 19244
4977 7394
4977 19111
4977 5492
4977 18324
4977 6708
4981 17653
4984 12836
4989 12202
4991 19099
4991 14042
4993 17645
4993 17034
4993 17926
4995 9343
4995 16685
4999 12545
5000 18901
5006 6261
5006 15744
5014 13534
5019 12898
5019 10910
5021 16355
5026 12954
5029 9808
5035 10857
5036 17415
5036 15154
5038 16625
5048 8813
5048 5477
5052 13876
5058 12002
5058 16125
5058 17944
5064 10247
5066 16838
5071 14173
5071 14163
5075 12448
5078 18726
5078 17496
5096 12431
5096 10789
5096 7548
5096 5383
5096 9300
5102 19259
5103 12542
5103 19329
5107 14417
5114 9808
5115 17192
5127 14092
5129 12066
5134 14686
5136 18464
5137 16541
5137 16740
5137 18825
5137 14192
5137 5471
5137 8935
5137 16579
5137 14751
5138 13525
5138 5579
5144 8870
5144 17130
5144 15151
5147 6445
5148 9059
5148 15031
5151 9343
5153 9232
5159 9099
5159 18517
5174 17165
5177 17415
5177 10629
5193 10830
5197 5497
5197 15544
5197 13924
5198 12012
5203 18488
5203 18545
5205 12279
5220 18921
5221 11034
5221 10451
5221 19430
5221 13104
5224 6328
5224 10089
5224 9254
5224 9192
5224 13270
5224 9388
5224 7816
5224 11082
5224 8629
5224 18820
5224 7756
5224 15137
5224 9650
5224 14337
5224 15155
5224 5839
5224 7639
5224 13512
5224 8391
5228 10161
5230 17432
5237 6389
5240 8598
5240 18614
5241 11762
5242 9280
5242 6280
5242 18737
5243 7409
5249 12019
5255 14417
5264 14386
5264 18109
5264 18838
5264 18452
5280 14354
5286 16570
5293 9989
5307 13611
5307 10301
5315 8058
5320 16637
5321 16810
5324 5507
5324 9846
5324 9808
5324 19002
5329 7811
5333 10629
5340 17901
5345 18726
5351 18749
5360 7861
5368 12867
5372 14783
5375 11882
5375 18073
5375 16461
5375 19171
5375 10854
5375 17861
5375 12499
5379 5594
5380 16637
5385 17266
5386 16162
5386 16334
5386 15858
5388 9343
5388 12545
5394 8042
5395 18906
5402 7504
5407 16624
5408 15804
5408 9814
5414 5989
5417 6985
5422 8701
5422 7061
5423 19002
5427 18415
5433 14603
5433 18816
5433 18739
5434 18906
5434 16685
5442 10066
5442 16045
5442 17920
5442 11705
5446 16098
5446 8608
5449 17409
5461 9197
5463 17419
5463 18454
5467 9192
5467 9241
5470 5716
5470 8760
5470 7861
5470 6949
5474 11613
5477 17993
5477 8331
5477 12036
5477 14420
5478 15361
5484 13336
5486 15479
5488 12607
5497 9417
5497 18501
5500 7293
5500 18501
5504 10785
5507 18689
5507 8048
5507 12831
5507 14076
5507 9560
5507 9522
5507 17680
5507 5730
5507 9846
5507 11950
5507 7293
5507 18659
5507 19351
5507 11024
5507 9723
5508 11762
5519 14062
5519 11540
5520 12786
5524 9989
5537 11332
5544 10065
5550 6445
5550 10754
5554 16477
5558 7832
5559 18726
5560 12066
5570 11814
5575 18813
5579 8472
5579 7518
5579 12943
5579 15060
5579 18652
5579 12046
5579 11093
5579 8529
5579 17895
5581 10629
5590 9894
5590 9088
5590 9925
5592 11483
5594 15549
5594 7511
5595 15739
5596 14353
5596 17415
5596 18906
5596 16637
5596 9808
5597 18440
5598 15360
5609 14988
5609 18794
5619 8974
5624 7134
5628 9639
5633 9568
5633 7423
5633 19141
5636 6544
5639 9119
5639 18718
5639 12550
5639 19159
5639 8672
5639 5775
5639 11434
5639 11024
5639 14484
5639 6391
5639 11450
5639 19049
5639 16048
5639 9867
5639 18959
5639 5662
5639 12470
5639 12614
5640 8032
5640 19088
5647 12150
5649 8546
5649 12758
5652 15841
5656 16413
5658 9232
5659 8598
5661 18659
5661 10067
5661 14320
5665 12408
5666 13106
5666 12432
5669 10629
5670 12002
5686 11678
5686 17496
5686 10734
5689 13140
5694 12066
5698 13140
5699 10455
5708 13876
5710 18958
5711 17903
5712 6963
5712 13128
5716 18766
5716 8576
5716 10223
5716 11141
5716 9186
5716 16981
5716 7861
5716 10847
5716 8843
5716 19027
5716 7930
5718 12003
5730 18035
5730 9723
5737 8628
5744 8946
5747 17753
5747 12036
5758 9808
5760 9846
5763 12960
5763 14212
5765 14353
5767 7188
5768 11854
5768 17188
5768 19594
5780 18945
5782 9712
5782 11944
5784 18281
5787 9440
5789 14353
5790 17044
5793 15573
5800 15385
5800 19205
5800 8381
5800 17837
5800 14397
5800 11400
5800 10055
5800 19692
5800 12267
5807 7110
5808 9241
5808 9192
5809 18820
5816 14942
5819 6623
5822 16376
5827 17241
5837 18950
5841 18587
5843 17217
5849 9432
5855 9343
5856 12267
5860 6687
5868 11304
5870 7448
5870 10636
5870 10471
5870 8058
5871 9808
5888 18743
5897 16697
5898 10684
5902 17165
5902 18916
5903 8249
5903 7265
5904 17118
5904 14173
5904 14862
5904 14163
5904 10308
5906 15156
5912 9315
5913 8974
5917 8352
5917 18357
5917 18728
5917 10103
5917 11456
5917 7123
5921 17701
5921 16486
5921 9273
5922 18881
5923 18415
5926 12047
5928 7832
5938 15335
5941 18625
5941 18787
5941 12003
5942 16685
5946 16101
5946 6073
5946 18701
5946 11894
5946 16733
5949 7995
5954 18743
5957 15241
5964 18958
5969 17493
5969 17440
5972 9343
5972 16128
5972 11456
5972 16685
5972 6075
5972 9232
5972 17954
5974 8857
5977 13939
5980 6813
5980 9366
5989 6910
5989 10342
5993 18726
6000 7667
6005 18738
6018 19029
6018 14742
6022 6448
6032 9723
6034 7862
6039 12836
6040 15744
6043 10720
6049 14742
6049 14385
6050 9343
6058 13020
6058 13265
6058 7733
6058 14727
6058 8089
6058 17856
6058 9471
6058 7756
6058 11455
6058 19442
6058 13183
6058 17159
6059 17409
6059 7106
6069 9343
6073 10210
6075 15514
6075 6760
6080 11484
6081 15739
6081 10485
6097 11574
6106 16697
6108 12066
6117 9219
6120 18740
6120 9490
6120 18870
6122 12354
6124 6705
6124 10247
6130 15780
6130 11723
6130 10436
6136 6631
6139 14305
6140 16779
6141 7579
6150 17415
6159 18743
6163 9026
6167 9623
6174 6858
6174 17846
6174 13107
6185 14127
6185 9574
6193 9241
6198 16637
6201 7116
6209 16359
6209 16149
6217 9206
6217 18513
6223 14353
6224 10732
6224 13155
6226 10136
6234 13939
6235 17499
6239 12898
6245 8978
6245 6718
6247 14353
6249 9343
6258 18949
6262 11085
6274 8392
6276 8745
6276 10323
6276 8046
6277 18958
6280 14418
6284 11643
6284 6703
6290 19002
6298 9620
6302 11902
6302 9061
6302 18744
6302 13597
6302 15468
6302 11275
6302 12349
6302 14454
6302 18832
6302 18719
6307 8526
6314 8405
6316 10397
6323 8715
6329 7722
6331 13453
6331 16260
6336 18145
6338 16391
6339 8741
6340 19335
6340 10712
6340 17939
6340 19124
6341 17493
6342 10771
6343 14021
6345 15631
6347 10279
6347 18870
6347 13016
6349 16656
6351 6362
6354 14373
6354 14135
6362 16208
6362 14126
6362 8910
6362 18345
6362 15702
6362 12209
6364 18945
6365 13279
6365 16743
6368 11223
6368 15083
6372 13118
6377 6576
6391 17657
6393 16214
6395 11299
6397 18315
6397 18740
6398 11762
6401 17664
6406 16379
6406 15468
6408 19002
6411 8974
6411 16794
6411 16355
6413 18145
6415 16229
6415 8938
6415 10270
6415 17194
6419 18740
6419 10366
6430 14013
6433 8626
6441 14373
6443 15826
6445 11536
6445 10895
6445 18495
6445 19001
6445 11591
6445 17819
6445 17824
6445 11470
6445 16926
6445 15155
6445 7198
6445 18588
6447 14373
6448 13668
6452 18349
6452 15225
6452 18906
6452 13779
6452 7377
6452 10846
6452 14556
6453 17328
6462 9989
6463 11469
6463 18347
6463 8426
6470 14371
6472 17003
6481 9114
6481 8062
6488 16780
6490 17335
6491 13158
6495 14671
6499 17440
6505 9343
6509 13493
6509 9762
6512 15744
6513 14353
6527 14305
6527 10397
6537 12019
6539 12638
6542 11955
6543 17199
6544 10271
6544 9819
6544 10009
6544 12322
6551 18572
6555 9602
6555 12298
6555 17819
6555 12092
6555 15079
6555 16926
6555 10885
6555 15938
6555 7830
6555 13502
6560 11723
6568 10301
6568 8857
6569 15045
6569 9519
6572 13655
6572 9490
6572 6675
6572 10754
6572 12428
6578 12241
6578 7847
6584 11201
6586 14305
6586 10397
6591 14173
6593 17926
6595 16637
6596 12066
6629 6966
6631 13332
6636 17767
6637 18738
6642 17664
6642 17685
6642 13090
6645 18882
6645 15041
6645 7523
6647 17876
6649 12066
6650 7862
6650 19462
6656 16172
6656 10271
6660 10301
6663 14353
6667 12875
6668 9315
6675 7994
6686 16342
6687 19391
6689 14373
6689 11879
6689 14135
6690 7092
6690 15957
6691 7711
6692 10540
6692 11723
6697 9490
6697 9574
6697 9440
6697 13655
6702 16342
6702 7317
6703 18816
6706 15546
6709 9232
6715 14212
6717 12066
6718 14785
6718 10471
6720 6777
6725 9040
6728 18724
6729 14942
6733 8857
6746 7317
6748 15309
6749 13655
6749 9490
6751 17653
6756 13485
6756 8434
6760 12841
6764 18041
6769 9192
6771 7867
6771 12556
6771 8953
6771 12119
6771 17493
6775 9343
6777 14616
6777 8384
6777 15484
6777 8010
6783 10173
6788 16538
6789 12960
6789 14212
6794 9415
6794 17426
6794 12194
6794 12318
6796 13525
6800 18914
6800 8741
6800 13912
6800 17701
6800 11823
6800 17825
6800 11048
6800 8236
6800 17205
6800 8886
6802 15048
6813 16181
6813 11590
6813 18427
6814 12308
6817 17724
6817 8405
6828 15044
6828 16826
6828 11725
6828 15155
6828 11456
6828 18728
6833 7110
6838 18740
6838 17701
6840 7579
6841 12274
6841 18200
6848 16391
6850 18441
6855 14796
6857 15224
6858 18809
6858 11809
6859 18453
6871 13616
6872 14127
6872 18395
6872 8594
6872 13016
6872 16300
6874 12875
6880 17281
6887 10951
6893 10070
6895 9977
6895 12019
6898 6975
6901 8598
6901 9989
6901 9056
6902 18829
6902 16506
6903 15001
6903 11398
6907 12660
6930 17493
6932 14026
6937 12110
6937 18958
6938 14742
6938 14385
6949 18766
6949 13114
6949 18791
6949 8576
6949 16578
6949 7979
6949 7861
6951 19002
6966 10951
6968 19005
6969 11764
6972 16626
6972 8093
6972 17418
6972 10268
6972 8196
6975 11734
6975 12557
6985 16379
6985 9275
6985 8403
6988 13020
6988 18395
7007 12157
7009 16810
7010 8581
7010 19057
7010 16756
7015 18395
7018 7238
7027 14450
7037 15744
7038 12066
7039 10684
7045 15594
7048 13485
7050 18738
7060 13178
7063 13912
7063 17701
7063 17825
7081 8626
7083 18726
7089 9723
7089 10954
7092 7939
7093 15700
7103 10540
7103 15468
7103 9989
7110 12001
7110 8763
7110 14815
7110 10575
7110 12774
7110 18440
7110 16384
7110 8862
7110 14195
7110 15984
7110 16014
7110 15307
7110 18521
7110 16533
7110 19217
7110 11304
7112 13020
7115 19305
7115 10397
7116 8916
7116 13494
7116 19226
7116 7302
7116 10513
7123 14305
7123 10754
7124 13402
7125 18958
7134 16889
7136 12701
7136 9198
7140 9283
7150 14305
7150 14175
7156 11425
7174 16214
7176 16685
7177 8598
7180 8857
7180 10301
7196 17077
7215 10412
7217 12012
7222 19259
7222 14682
7226 16717
7226 14021
7228 12660
7232 8598
7232 16810
7234 17701
7234 12066
7238 12060
7245 10055
7250 13730
7250 8694
7250 13191
7255 10397
7266 16128
7266 9326
7276 13616
7287 9237
7288 16685
7293 12278
7293 10065
7294 12090
7295 7861
7296 9490
7299 12124
7299 16376
7299 14565
7299 14332
7305 7931
7307 14154
7307 10540
7311 8857
7313 15224
7314 16685
7317 10739
7317 12134
7317 7379
7317 18807
7318 12168
7318 8986
7318 15504
7318 19391
7318 9396
7326 14886
7327 14783
7333 10423
7335 9232
7335 9490
7336 15368
7336 14726
7337 17664
7346 10915
7353 18756
7356 17553
7356 12908
7358 8885
7359 18729
7367 13939
7368 10385
7371 8032
7379 18145
7380 14353
7388 18501
7399 16810
7399 8598
7409 8998
7409 11469
7409 18347
7417 8480
7420 15544
7422 18487
7424 17384
7438 11878
7443 12457
7443 9890
7445 7862
7445 14218
7446 9574
7451 11944
7456 7499
7456 9666
7456 18336
7456 8283
7456 13027
7463 17664
7470 19183
7470 9591
7473 9977
7475 16157
7485 15045
7503 14781
7504 15841
7510 11739
7516 11483
7518 16770
7520 13311
7523 17077
7523 14721
7523 15843
7531 15156
7532 17036
7532 10524
7532 17020
7532 18406
7532 9153
7533 13543
7534 11734
7535 18668
7540 14305
7542 18829
7550 12019
7551 14781
7553 13668
7561 9386
7563 11613
7565 19464
7567 11483
7568 11989
7571 18683
7571 16538
7572 8626
7579 12903
7579 8886
7579 9479
7579 18186
7579 10502
7579 8498
7585 12150
7596 18743
7603 11446
7604 16770
7629 13020
7636 13544
7646 16783
7647 11307
7659 7952
7666 12536
7669 16709
7669 18944
7670 10684
7679 9232
7684 17415
7691 14175
7691 13020
7696 8885
7699 9638
7706 18820
7711 18145
7711 13402
7718 18901
7731 12726
7733 17171
7733 15045
7744 18145
7746 17653
7756 14783
7756 18394
7759 8682
7759 19312
7765 8574
7765 13643
7765 8145
7774 17664
7775 13892
7784 15117
7784 17988
7784 9589
7784 10706
7798 14442
7800 16462
7801 14218
7806 16214
7807 10684
7808 9186
7810 16624
7815 18700
7821 19341
7823 19430
7828 14871
7830 16486
7830 12311
7832 17068
7832 13310
7832 13234
7832 10038
7833 9574
7836 18511
7838 9774
7838 13936
7840 15224
7842 10397
7842 13020
7842 14175
7844 8392
7847 15735
7847 8005
7847 15841
7847 12066
7852 18289
7852 10465
7853 13016
7856 10385
7857 16685
7861 17313
7861 10857
7861 12213
7861 8576
7861 11141
7861 12148
7861 18059
7861 7979
7861 8081
7861 18766
7861 18350
7861 9052
7861 14823
7861 12649
7861 16836
7861 8999
7861 12235
7861 15854
7861 16516
7862 10258
7862 15087
7862 8192
7862 12778
7862 9118
7862 14315
7862 12280
7862 15724
7867 8497
7867 7994
7888 17415
7890 8296
7890 8081
7900 9680
7900 9886
7911 16794
7914 17949
7920 11641
7924 12150
7926 9440
7939 8317
7944 13140
7946 8598
7946 13975
7946 17018
7946 11275
7946 12514
7946 12978
7952 11866
7952 9192
7952 11084
7952 8030
7952 10559
7958 9343
7966 15833
7966 12747
7966 16150
7966 11304
7971 10210
7994 13140
7994 14952
7994 12545
7997 18740
8001 16379
8002 17767
8009 13795
8009 19346
8028 19417
8029 15335
8034 15042
8038 11972
8042 16910
8046 14353
8046 12678
8054 17701
8054 13523
8058 16666
8061 11483
8062 16451
8062 8862
8062 10433
8070 8239
8076 12638
8077 14281
8077 19530
8077 13856
8081 9893
8085 14618
8088 19223
8090 12007
8091 16305
8093 15826
8093 15721
8093 12625
8093 8547
8093 13066
8095 14163
8103 15546
8104 10279
8104 14312
8104 15045
8107 12354
8107 12726
8109 18041
8109 14468
8109 12280
8114 15789
8116 15468
8126 9343
8127 17632
8127 10540
8127 10397
8132 12479
8147 15744
8147 8392
8154 16717
8154 14240
8154 16424
8155 11613
8172 14742
8175 19061
8175 18307
8177 13236
8177 17077
8186 17151
8192 8974
8197 17901
8217 18838
8221 12480
8227 15224
8230 12066
8231 10938
8236 17701
8236 10892
8243 13402
8247 18906
8249 18065
8257 9957
8263 10326
8264 16872
8264 15597
8271 12150
8283 14314
8283 15605
8296 12066
8300 14742
8317 13400
8317 12628
8317 14062
8317 14484
8317 8359
8317 16380
8317 11540
8322 14163
8323 13623
8323 18572
8331 13859
8334 11380
8339 12060
8348 18526
8349 17365
8352 9440
8355 17664
8360 17943
8369 16379
8375 9943
8376 15398
8376 15521
8376 17684
8379 14942
8384 14783
8384 10802
8385 9808
8392 11450
8392 17537
8392 15325
8392 16866
8392 16200
8392 12431
8392 15118
8398 9741
8402 9957
8403 10397
8405 11450
8405 8472
8405 15364
8405 18942
8405 17537
8405 19491
8405 15278
8405 16906
8405 16582
8405 9040
8405 9042
8419 11463
8426 9589
8426 10279
8435 16468
8436 18035
8445 19062
8454 14609
8454 10830
8454 13624
8465 11762
8476 18145
8480 12359
8480 13446
8480 14908
8482 15224
8488 16721
8491 12066
8497 13140
8498 9989
8498 10540
8499 10298
8499 8741
8499 12092
8502 12037
8503 11102
8504 18738
8509 18945
8509 17657
8509 18743
8515 11380
8515 14185
8520 14212
8526 14911
8527 13020
8531 16721
8546 18036
8546 13455
8546 16625
8546 13128
8548 9358
8548 17596
8550 18145
8554 18892
8557 15998
8561 9766
8570 8813
8571 16308
8576 13668
8584 16125
8586 16685
8591 17901
8594 18395
8595 14147
8598 15828
8598 10130
8598 17620
8598 10209
8598 14414
8598 11188
8608 17196
8608 11734
8614 9416
8619 13812
8619 9002
8619 12471
8619 14928
8619 16248
8621 10213
8626 18882
8626 9935
8626 11624
8626 19656
8628 12729
8628 13151
8628 16444
8629 18820
8629 9192
8641 13104
8645 18958
8650 9192
8668 9589
8668 17492
8668 9490
8668 13162
8670 13296
8672 15953
8682 11822
8687 9908
8690 9232
8696 16538
8701 8776
8701 11613
8715 11450
8715 16373
8715 11449
8715 18892
8715 17390
8715 16780
8715 12256
8715 13705
8721 18901
8724 14796
8732 11958
8734 14871
8739 12205
8741 17701
8741 11757
8741 13892
8746 11735
8747 11241
8748 19339
8753 18145
8759 14603
8762 15744
8764 13486
8767 9808
8770 9998
8770 18821
8770 10558
8770 16918
8770 16557
8770 12002
8779 14293
8783 16538
8788 15571
8788 11076
8790 9766
8792 17819
8808 11540
8813 10304
8817 12350
8817 13653
8828 12285
8830 18720
8831 10254
8840 15826
8841 15547
8848 17901
8855 14239
8855 11228
8855 14305
8855 14175
8857 17593
8857 12991
8857 10105
8857 13002
8857 16922
8857 15664
8860 12969
8862 16342
8862 18551
8862 15038
8862 16965
8874 14721
8874 18951
8879 16656
8880 17664
8885 10419
8885 14365
8885 10575
8885 10833
8893 12150
8910 9353
8919 17701
8919 9490
8920 14781
8923 9275
8923 9800
8933 13876
8935 18825
8935 15735
8937 16055
8940 14045
8943 9072
8945 10754
8945 16586
8945 10540
8968 12976
8970 9771
8974 12643
8974 12874
8974 9548
8974 9681
8974 15857
8974 11584
8974 14364
8974 19007
8976 19474
8981 9490
8992 14353
8998 17825
8998 9275
8998 9589
8998 13912
9000 17653
9010 15721
9010 12205
9014 17988
9014 10540
9014 14175
9014 14305
9016 11723
9026 12047
9026 19573
9029 16125
9030 10734
9032 13332
9035 18743
9040 13354
9040 18773
9040 16637
9040 14556
9040 13525
9040 16772
9040 10595
9040 13623
9040 14607
9041 12150
9042 14353
9045 13718
9045 10684
9047 18820
9050 16347
9051 14062
9056 10373
9058 16637
9059 17753
9066 12108
9073 16165
9073 11099
9083 14305
9083 10540
9083 13693
9087 14305
9088 10474
9092 10425
9106 11895
9114 9181
9114 15609
9123 15744
9160 14893
9161 15045
9162 10442
9172 11624
9179 14353
9181 18145
9182 12205
9188 17003
9192 14637
9192 13337
9192 11082
9192 11866
9192 17763
9192 11267
9192 12457
9192 9650
9192 10086
9197 17496
9197 18620
9215 15872
9216 16797
9222 13282
9227 18842
9227 16319
9227 14886
9232 17493
9232 13140
9232 11376
9232 15266
9232 19332
9232 17803
9232 13749
9232 14086
9232 16341
9232 10024
9232 14689
9232 18971
9232 18832
9237 11383
9241 16107
9241 17899
9241 14284
9241 11533
9241 13020
9241 13191
9241 9440
9241 13046
9241 16617
9241 16284
9245 17943
9247 13387
9247 17088
9250 16129
9250 18742
9256 15565
9260 12512
9272 15210
9273 15155
9273 10885
9275 9847
9275 18347
9275 17205
9275 12561
9275 10809
9283 14603
9283 15156
9287 17184
9299 17474
9299 10850
9309 11380
9310 13020
9322 19002
9328 13013
9342 10397
9343 18316
9343 9528
9343 18955
9343 18803
9343 9705
9343 18378
9343 18304
9343 11411
9343 18044
9343 14601
9343 10078
9343 10648
9343 13650
9347 12827
9360 14212
9366 12409
9366 12083
9366 18041
9366 19262
9366 12280
9370 16656
9372 14857
9372 17830
9372 17538
9373 17664
9374 13435
9376 10513
9380 15003
9390 12480
9403 10599
9403 17194
9409 10279
9409 9989
9409 11665
9409 15045
9412 14062
9417 10161
9419 18587
9424 14525
9424 11453
9424 11024
9432 15838
9440 15671
9440 17899
9440 14284
9440 18141
9440 19348
9440 16467
9440 13046
9440 16778
9440 16610
9440 17927
9443 17210
9451 13668
9452 18035
9455 18743
9457 17965
9471 16838
9471 18820
9471 14305
9471 15468
9473 13611
9478 16637
9481 18638
9481 11956
9490 15739
9490 16596
9490 10529
9490 14414
9490 18912
9490 16003
9490 14284
9490 11113
9490 10690
9490 14175
9490 16759
9493 15224
9494 19061
9497 15224
9515 18035
9518 10846
9518 17085
9519 10690
9519 10540
9519 11816
9519 17100
9519 10373
9519 17535
9519 14284
9519 14414
9519 17193
9519 18870
9519 10659
9519 15925
9519 10185
9527 12545
9529 12545
9540 11739
9545 13020
9545 17493
9549 12036
9551 15704
9551 15222
9564 13912
9564 18831
9564 13693
9568 16355
9568 17355
9568 9808
9572 10940
9572 15597
9573 18697
9574 12423
9574 19282
9574 18728
9574 10754
9574 18989
9574 18341
9574 11202
9574 18357
9574 14008
9574 10960
9589 11936
9589 10540
9589 10285
9589 12349
9589 18757
9596 16021
9612 18726
9633 9828
9639 19500
9644 13911
9647 17020
9647 14103
9647 11745
9647 12703
9647 16847
9651 9766
9655 18749
9663 15448
9665 10435
9669 16028
9685 16637
9703 12545
9707 10181
9707 18455
9707 10389
9708 18022
9708 15167
9721 14062
9723 16305
9723 12457
9723 14076
9723 19129
9723 11024
9723 18793
9723 12166
9723 11989
9726 12008
9726 16744
9727 12545
9735 9931
9745 12756
9752 18427
9758 18743
9762 11604
9766 17508
9766 14893
9769 12364
9771 18816
9774 10858
9774 17943
9774 13925
9789 17409
9792 17409
9802 17404
9802 15124
9806 18742
9806 18728
9806 12968
9806 18141
9806 11456
9806 15155
9806 18357
9807 16523
9808 18733
9808 9958
9808 14566
9808 16462
9808 14061
9808 14512
9808 18745
9808 15864
9808 14654
9808 12018
9808 17318
9808 18825
9808 13235
9808 10634
9808 16740
9808 12431
9808 18504
9808 16958
9808 16216
9808 18058
9808 11930
9808 16101
9808 13794
9808 15377
9808 13057
9808 18701
9808 11894
9814 16308
9818 10742
9818 19526
9819 13104
9830 18886
9830 12542
9830 10754
9839 10540
9842 15439
9842 15316
9846 16048
9846 14147
9846 18659
9846 11690
9846 11501
9846 17275
9846 13748
9846 12884
9846 11146
9849 14045
9866 14218
9881 11955
9882 17335
9883 15012
9886 10126
9886 16810
9886 11800
9886 12145
9886 16826
9887 12902
9890 13911
9893 12875
9893 18904
9893 16982
9893 10738
9901 14163
9901 11483
9908 12019
9916 15008
9921 16794
9931 14570
9935 10065
9951 18444
9951 19125
9956 17088
9957 9999
9966 18838
9968 12066
9970 18310
9975 14353
9977 10301
9977 10629
9977 18163
9977 19120
9983 12047
9987 18444
9989 13597
9989 13577
9989 11275
9989 11902
9989 11800
9989 15055
9989 13091
9989 12349
9990 14305
9993 10785
9993 12083
9998 12002
9998 17944
9998 12558
9998 12202
10003 17492
10015 13668
10016 11820
10023 19002
10033 13104
10038 13454
10039 18717
10039 18847
10039 17859
10048 10375
10049 18539
10051 18183
10051 18612
10053 14781
10059 11044
10067 12884
10068 11483
10073 14426
10079 12955
10087 18145
10091 14052
10092 10532
10096 17415
10096 16505
10096 16214
10099 16974
10100 17596
10112 19042
10122 17281
10123 11477
10126 13449
10126 16084
10136 13617
10138 10629
10141 17440
10141 16379
10142 12741
10144 17034
10160 14671
10160 19341
10160 17493
10160 18065
10163 17551
10163 15035
10165 16770
10181 13423
10185 18740
10185 18870
10196 18580
10198 18538
10198 14305
10198 10397
10198 14175
10204 16506
10204 17044
10211 18829
10212 18820
10215 18035
10219 12036
10223 14270
10235 17899
10235 11595
10244 11469
10256 10279
10256 18709
10256 13162
10276 16637
10279 17701
10279 18870
10279 17649
10279 11898
10279 15114
10279 14727
10279 14107
10279 16993
10279 11084
10282 14850
10285 13020
10285 16301
10292 16599
10298 18958
10301 19017
10301 16748
10301 19247
10301 13466
10301 12924
10301 12643
10301 17684
10301 18853
10302 12000
10302 10516
10302 14194
10308 14163
10318 12638
10319 19346
10319 11036
10328 17166
10336 12559
10353 11735
10366 13046
10375 12359
10375 14775
10376 14692
10376 17388
10376 11923
10377 18958
10385 17732
10385 15787
10385 17546
10385 11368
10385 13960
10385 18782
10385 16179
10385 10753
10385 12901
10385 11906
10387 17664
10389 19178
10389 13373
10394 17165
10397 15591
10397 13051
10397 13322
10397 12439
10397 14317
10397 11451
10397 14305
10397 15025
10398 17499
10398 17151
10399 18587
10406 11019
10412 10956
10418 14519
10420 15448
10421 12960
10425 12364
10427 15697
10432 13453
10447 17662
10450 11949
10451 13617
10469 16981
10474 18884
10474 12002
10485 15044
10486 14781
10495 10629
10498 13143
10498 10676
10498 18760
10498 10739
10498 11460
10510 10754
10513 18659
10516 18726
10516 19123
10517 13291
10526 12875
10534 13928
10538 13188
10539 10938
10540 13844
10540 13020
10540 18741
10540 13597
10540 11816
10540 11902
10540 18843
10540 11823
10540 12349
10540 15925
10540 10593
10540 16129
10540 11533
10540 18494
10540 15467
10546 11015
10546 15948
10555 11653
10556 18743
10558 15961
10568 16577
10568 18659
10573 13655
10578 18072
10587 13178
10595 19183
10601 19640
10609 16391
10612 18749
10617 13720
10629 18921
10629 14445
10629 15864
10629 17308
10629 11894
10629 18435
10629 13278
10629 19143
10629 15927
10629 18139
10629 17490
10629 16099
10632 16842
10636 13103
10662 16342
10678 16851
10684 10858
10684 17439
10684 17399
10684 12247
10684 11034
10684 10762
10684 16964
10684 17662
10684 17361
10690 18820
10690 17901
10699 17415
10706 12349
10706 18843
10706 11902
10706 13577
10709 13236
10712 18747
10712 11641
10717 18444
10728 13876
10739 16342
10743 15167
10748 16810
10748 17653
10752 18983
10754 15008
10754 17653
10754 12145
10754 16989
10754 14008
10754 18742
10754 18734
10754 11674
10754 12978
10754 11456
10754 13301
10754 18949
10754 18728
10754 18357
10761 13585
10765 17177
10768 15763
10769 14783
10769 14534
10785 18807
10785 13402
10785 11476
10785 18877
10785 12711
10785 12125
10788 14045
10799 15704
10802 18600
10802 17581
10824 11405
10830 12576
10830 12950
10830 19433
10830 14168
10830 11296
10830 16965
10834 19263
10846 10911
10850 13909
10854 13118
10854 14815
10854 17474
10854 18630
10857 16624
10880 14305
10881 15984
10891 18820
10892 18109
10898 15468
10905 12150
10914 11463
10915 11024
10915 16272
10915 19676
10919 15045
10920 13449
10921 14353
10922 18041
10928 13585
10932 15845
10939 16513
10940 18726
10942 12066
10951 16920
10978 11907
10993 11177
10993 13449
11002 13333
11019 11369
11019 11668
11023 13975
11024 17653
11024 17003
11024 11735
11024 17192
11024 17415
11024 18743
11024 12060
11024 17409
11024 17657
11024 18035
11024 15448
11024 19002
11024 16770
11024 11540
11036 15479
11041 17108
11041 14293
11044 14938
11044 18806
11044 13165
11044 18342
11044 13024
11044 15107
11044 12460
11044 16109
11044 19053
11044 14943
11044 17199
11047 15654
11068 18587
11084 17701
11084 11665
11085 12365
11099 11762
11099 18901
11099 17723
11111 18035
11113 18870
11119 18534
11119 11764
11140 16780
11146 17653
11162 16391
11168 18882
11175 13104
11177 19215
11177 16720
11177 14973
11177 12561
11183 14212
11186 18906
11188 13162
11193 12036
11195 17510
11195 12036
11201 16059
11206 12545
11217 14045
11219 12354
11221 17418
11228 14305
11228 16129
11239 13928
11241 15527
11245 18743
11249 18743
11257 15117
11262 12318
11275 13020
11275 13162
11275 17135
11276 18587
11278 15241
11284 17122
11284 17051
11299 15166
11300 17228
11304 11968
11304 13134
11304 16125
11304 15419
11304 17353
11304 15557
11307 18465
11307 14157
11308 12092
11309 15335
11322 15609
11345 14796
11361 16958
11362 16538
11368 13928
11368 12150
11369 13236
11378 14025
11378 19002
11380 14997
11386 18170
11386 18945
11386 13859
11390 17196
11393 17409
11394 15468
11394 17440
11394 13489
11395 14278
11397 15224
11398 13756
11401 14127
11401 18395
11402 12311
11403 18944
11403 17570
11407 12354
11411 16379
11412 11979
11412 15953
11412 15920
11412 18729
11413 18842
11413 12960
11417 13332
11429 13307
11437 14742
11449 16770
11449 17415
11449 19002
11450 16770
11450 14353
11450 17415
11450 17192
11467 17369
11469 11619
11469 13315
11469 16486
11471 15210
11472 15546
11483 15062
11483 14696
11485 12241
11487 14353
11491 14045
11524 13668
11526 15829
11529 18901
11533 13449
11540 14403
11540 14402
11540 17366
11545 15761
11574 16589
11574 18180
11575 16379
11586 17574
11590 16460
11590 15845
11590 15324
11590 12125
11604 16538
11613 14821
11613 17671
11620 14417
11637 16334
11637 16981
11641 17082
11641 18942
11641 11855
11641 15118
11641 15929
11641 19171
11641 19124
11641 17466
11641 15057
11641 13163
11641 16200
11641 12993
11649 12066
11654 12154
11656 12205
11663 15744
11665 18874
11665 17701
11665 13549
11665 11936
11669 17415
11678 12161
11686 12953
11713 16810
11723 12459
11723 16754
11723 14773
11723 15411
11723 13641
11731 18170
11731 18945
11731 19341
11734 15840
11735 16118
11739 16427
11739 15818
11752 12558
11754 18740
11762 19006
11762 15627
11762 14632
11762 13355
11762 16229
11762 17952
11762 15537
11762 19578
11762 12127
11762 15663
11762 14720
11764 15916
11765 18747
11776 13127
11782 13928
11784 18385
11803 18245
11806 14353
11809 13897
11809 18145
11809 13402
11813 13489
11814 16875
11816 15468
11816 13449
11816 18870
11816 15045
11820 13561
11823 15468
11823 17701
11823 13523
11825 15166
11833 17664
11842 14816
11849 15239
11855 13307
11859 18143
11866 13813
11866 17493
11875 18587
11876 17592
11876 17573
11885 18726
11886 14544
11887 12954
11894 16028
11894 13235
11894 13616
11894 18906
11894 17415
11894 12960
11894 16794
11894 16637
11894 14212
11895 16342
11905 15546
11906 12150
11907 14629
11907 15061
11922 12134
11926 17105
11926 12884
11944 15587
11955 19057
11955 14566
11971 15744
11972 16853
11972 18728
11987 15473
11989 12580
12002 15125
12002 16457
12002 16125
12002 18821
12007 17499
12010 15739
12012 18739
12019 12960
12019 16135
12019 14609
12019 17647
12019 16355
12019 19632
12019 17230
12034 12066
12036 14792
12036 19032
12036 18838
12039 18976
12065 18455
12066 14352
12066 17642
12066 13406
12066 15145
12066 18889
12066 14889
12066 17007
12066 14821
12066 16989
12066 18680
12075 16538
12077 12134
12082 17358
12092 17121
12102 18870
12126 14320
12134 16344
12141 15224
12145 14305
12150 18226
12150 15193
12150 15718
12150 16631
12150 15787
12150 15385
12150 12593
12150 18782
12150 14290
12150 19068
12152 18041
12152 12280
12160 18122
12177 19359
12192 16135
12192 14609
12194 18768
12196 17415
12197 17415
12202 15664
12205 16829
12205 17409
12205 12351
12213 16633
12219 17088
12227 13585
12238 18587
12256 16780
12256 16780
12256 18945
12256 19652
12257 13585
12259 15845
12268 12954
12277 16783
12279 17932
12279 12496
12280 18960
12280 16213
12280 17510
12285 17493
12286 17440
12297 18726
12302 18058
12303 18395
12310 18743
12311 15562
12311 18868
12315 14353
12318 13893
12341 15225
12347 18959
12349 18870
12349 14175
12353 13449
12353 13655
12354 17216
12354 17675
12354 17990
12354 16761
12357 15696
12365 18022
12365 18021
12369 14775
12383 17057
12389 18743
12394 12954
12398 14195
12401 17057
12401 16570
12409 15305
12418 12607
12421 13140
12431 16637
12434 13585
12435 13449
12446 17492
12449 14487
12457 17883
12458 19137
12477 16637
12480 18910
12491 14062
12519 18829
12521 15727
12532 18753
12534 13020
12542 13675
12545 15783
12545 18673
12545 18592
12545 17988
12545 12849
12545 13575
12545 16915
12545 16641
12545 17280
12549 14796
12551 19223
12553 18696
12553 19130
12553 14508
12553 17354
12558 13466
12558 16748
12558 19017
12558 15664
12561 13140
12561 14175
12564 17081
12564 17165
12580 19044
12607 13672
12614 17653
12614 15953
12615 14025
12625 18399
12626 18768
12629 15989
12632 13720
12646 15448
12646 18697
12655 15409
12655 15406
12655 15829
12673 18958
12678 14321
12682 13140
12685 15156
12706 12741
12722 18727
12726 18745
12726 14061
12726 13911
12726 15122
12731 18743
12741 14920
12749 15241
12758 16625
12758 15813
12758 18036
12762 13294
12766 18882
12766 17077
12771 18035
12786 15603
12798 14212
12800 16319
12817 14305
12827 19171
12827 16200
12835 16633
12836 16514
12836 15920
12841 15514
12842 15088
12842 17298
12849 16128
12849 18989
12849 16915
12852 17415
12853 17415
12875 18904
12875 14703
12875 18181
12876 16342
12910 17514
12918 18906
12920 15663
12921 16004
12943 17415
12955 18697
12958 13009
12960 19585
12960 15864
12974 14175
12997 13307
13000 16559
13008 14671
13009 17882
13011 15657
13011 13395
13011 17498
13013 18751
13013 15663
13016 18395
13018 18035
13020 15241
13020 18846
13020 17899
13020 16140
13020 13415
13020 14294
13020 18728
13020 19383
13020 18719
13020 17252
13020 14756
13020 16826
13020 13844
13020 17193
13020 18811
13020 15222
13022 16685
13024 14796
13028 17077
13046 14175
13052 14609
13057 13616
13074 14832
13079 18525
13079 18362
13079 17413
13079 19296
13079 18793
13080 13140
13084 16391
13086 18901
13086 15858
13090 13403
13091 14305
13097 13585
13103 18572
13103 13525
13104 17329
13104 15433
13111 18729
13111 15863
13116 16541
13120 14385
13120 15989
13120 13633
13131 14237
13138 18680
13140 15580
13140 15402
13140 16031
13140 17493
13143 16342
13144 18863
13144 13453
13152 19105
13162 18843
13162 18741
13175 13332
13178 15385
13178 16074
13187 13525
13200 17216
13217 13928
13232 16810
13233 17982
13233 19597
13233 13876
13235 15985
13236 18109
13262 18726
13263 13795
13278 18435
13291 17981
13304 15155
13306 15597
13306 16218
13307 18747
13307 15972
13307 19124
13307 17254
13312 17988
13332 18183
13332 15023
13333 19051
13333 15596
13333 18904
13336 15597
13337 15829
13337 18820
13345 17440
13354 15229
13355 18726
13364 18740
13375 14791
13379 18842
13402 14224
13402 15274
13402 15648
13402 17101
13402 18877
13405 18477
13427 18901
13441 15961
13449 14317
13449 18527
13449 17755
13449 13549
13449 18741
13453 14042
13473 13684
13489 17440
13489 16195
13489 15659
13491 15468
13508 15361
13525 14320
13525 14322
13534 17882
13549 15045
13549 17701
13565 17315
13565 18949
13576 17901
13585 17186
13597 14175
13597 18870
13613 14062
13616 17717
13616 15851
13616 15686
13617 14433
13623 13643
13624 15763
13630 14281
13630 14137
13633 18044
13633 14783
13635 18726
13636 15361
13655 16676
13655 18728
13666 18726
13668 14265
13668 18632
13668 15884
13668 15031
13675 18740
13684 17949
13687 16989
13698 16676
13705 17390
13718 14698
13724 17358
13726 16738
13746 18145
13750 19002
13751 17596
13753 14353
13762 18945
13780 13964
13795 14770
13795 19346
13795 15479
13817 15241
13821 16779
13826 16861
13842 16780
13844 17701
13865 16028
13876 16460
13876 15648
13892 18614
13893 15581
13894 17819
13894 15079
13906 18726
13912 17519
13912 14742
13924 16283
13925 18289
13928 18571
13928 14722
13928 19068
13928 14564
13928 15111
13939 19053
13947 18035
13959 17651
13964 16709
13980 15035
13988 14418
13991 17003
14006 17165
14012 16633
14018 16055
14025 14080
14025 17535
14034 18958
14044 14045
14044 16624
14045 17798
14045 16330
14045 18624
14045 15043
14058 15301
14061 16637
14076 17003
14078 16541
14080 14132
14080 16486
14092 18289
14107 17901
14107 17701
14108 16685
14121 16783
14127 17685
14128 15326
14141 16125
14147 18959
14163 19067
14163 17118
14163 14651
14163 14862
14163 15548
14166 16637
14168 18502
14173 17775
14175 18744
14175 18889
14175 14305
14175 19029
14176 14194
14185 19614
14194 17493
14194 15039
14194 14305
14195 16624
14196 16770
14207 15910
14209 14218
14212 17314
14212 15816
14212 16024
14218 18593
14218 15087
14218 14591
14218 15423
14218 18695
14218 14277
14218 19620
14218 19628
14237 18731
14243 17151
14270 17496
14272 18035
14278 14728
14279 17493
14284 15045
14284 17701
14284 18870
14293 18905
14293 14726
14303 17077
14305 16129
14305 18742
14305 16826
14305 19014
14305 15025
14305 17053
14305 18728
14313 15744
14317 15045
14317 18870
14317 16838
14317 17701
14317 15468
14317 17492
14320 18169
14353 14992
14353 19374
14353 16858
14353 19128
14353 18859
14353 17017
14370 15056
14371 14728
14373 16988
14373 17493
14373 18284
14378 16246
14385 17825
14388 15670
14397 18743
14417 16238
14417 15946
14417 14461
14417 17438
14417 15811
14418 16474
14418 18042
14448 18415
14450 17057
14450 16570
14452 14671
14453 18743
14454 17440
14454 18335
14458 15210
14478 14555
14489 16477
14505 14796
14512 14609
14514 16685
14534 18876
14577 16637
14603 17165
14606 17592
14609 18430
14618 19171
14624 18145
14629 18461
14640 15042
14640 18659
14651 14783
14671 18980
14671 16439
14682 15841
14714 15210
14721 16085
14727 18870
14735 17664
14737 19115
14740 18829
14742 18709
14742 18831
14754 19493
14754 18475
14754 16728
14756 17440
14756 15468
14783 18600
14783 17824
14783 17205
14788 19160
14796 15639
14796 18575
14805 18121
14805 19075
14805 17051
14805 17198
14815 19671
14816 14827
14819 17723
14819 17540
14862 18738
14876 16783
14880 14910
14882 18726
14886 18464
14893 18077
14893 19515
14900 18145
14910 16157
14915 15845
14930 16342
14936 16783
14942 16394
14942 18264
14968 16656
14971 19101
14994 18906
14995 18738
14995 17217
14997 15826
15003 17840
15010 18749
15014 18620
15019 18958
15024 19292
15031 15448
15041 18882
15044 18244
15045 18889
15060 16770
15066 16810
15078 18842
15117 18506
15118 15154
15121 16028
15124 15952
15134 16783
15137 18740
15148 15210
15154 15440
15154 18700
15155 16486
15156 17019
15161 15406
15164 16200
15166 17164
15189 16342
15195 18945
15203 16974
15217 18697
15224 16975
15224 17161
15224 19682
15225 18842
15241 15928
15241 15693
15252 16656
15253 16283
15301 16654
15307 16324
15309 19366
15325 17415
15326 17111
15334 16144
15335 17668
15335 18793
15364 16637
15377 17848
15401 16509
15406 17622
15406 18380
15417 18572
15448 16250
15448 17266
15448 15558
15468 15919
15468 17913
15468 16362
15468 16720
15468 15925
15468 15731
15468 19556
15468 17873
15475 17165
15479 18122
15499 15744
15537 16229
15537 18839
15544 16283
15546 16437
15562 17217
15575 15851
15587 15727
15593 17540
15603 17273
15631 15943
15671 17135
15681 15750
15682 16780
15687 18811
15696 18444
15704 19098
15712 18743
15717 17077
15735 18289
15735 16269
15743 16250
15750 19183
15766 18743
15773 17829
15783 16685
15826 18748
15841 19259
15841 16615
15845 18826
15845 19208
15845 16051
15858 17194
15864 18906
15864 16028
15864 16637
15864 17415
15890 16633
15916 16780
15919 17440
15925 17701
15944 17701
15950 17335
15952 18700
15953 18729
15953 16073
15953 19303
15953 18959
15954 16218
15961 16533
15970 19175
15971 16538
15995 19616
15996 17954
15996 16989
16006 17003
16028 18543
16059 19152
16080 16085
16081 17358
16083 18738
16084 17847
16085 18904
16095 18749
16107 18740
16111 18829
16125 16775
16125 16302
16127 18990
16165 17449
16179 18743
16200 17876
16212 17335
16213 16726
16259 18307
16271 17440
16283 18373
16286 16685
16300 17315
16316 18035
16318 18475
16319 18464
16320 17653
16327 17553
16336 16810
16342 19394
16342 17059
16342 17760
16355 17025
16355 18787
16355 17019
16355 17872
16358 19462
16367 17415
16376 17474
16379 18879
16379 18508
16379 16792
16391 18939
16391 16897
16425 18945
16446 18726
16462 17630
16462 16468
16468 18145
16468 18745
16477 17916
16486 16528
16486 18903
16486 18627
16486 18495
16506 19112
16509 16697
16523 17132
16532 18351
16534 17664
16563 17415
16569 17834
16586 17573
16614 16637
16625 18041
16631 19234
16633 19073
16633 18202
16637 18348
16637 18286
16655 18495
16685 17052
16685 17332
16685 18021
16685 19079
16697 19061
16717 18145
16728 18756
16747 17305
16757 18035
16770 17487
16770 19273
16779 17899
16780 18817
16783 18830
16794 17846
16794 18733
16794 18433
16810 18559
16838 17899
16838 17927
16838 18849
16846 17365
16851 18947
16876 18471
16882 17664
16901 17280
16910 17440
16919 18811
16919 19359
16933 17701
16965 17105
16981 18766
16988 18539
16989 19223
17001 17217
17044 18976
17053 19305
17073 18501
17077 18882
17077 17436
17080 18958
17088 19020
17105 18659
17122 19259
17145 19141
17165 18739
17165 18815
17177 17267
17192 18959
17192 18718
17192 17615
17193 17901
17195 17493
17205 17701
17205 17825
17215 18035
17242 18743
17257 17335
17280 17954
17280 18471
17295 18997
17315 18978
17335 18207
17344 18307
17355 18753
17359 18035
17399 19579
17403 18415
17409 19345
17415 19039
17415 18700
17415 17487
17415 18859
17415 18139
17418 17559
17426 18919
17440 18952
17440 17454
17450 17943
17474 18073
17477 18740
17480 17653
17485 18035
17493 18673
17493 18811
17532 18729
17547 18035
17590 18906
17593 18122
17599 17701
17615 17653
17628 18882
17631 18945
17649 18870
17653 18959
17653 18674
17653 18412
17664 18256
17664 19616
17664 18295
17686 18743
17701 18967
17767 18166
17787 18178
17834 18440
17839 18870
17848 18544
17921 18191
17932 18740
17936 19219
17943 18287
17943 18015
17965 19447
17988 18734
17993 18726
18027 18738
18035 19299
18035 19407
18035 19490
18035 19045
18035 18662
18041 18787
18058 19011
18065 18811
18079 18697
18101 18395
18145 19114
18145 18897
18145 18898
18173 18726
18215 18749
18221 18743
18240 18740
18356 19002
18405 18958
18415 19053
18430 19187
18441 18847
18444 19125
18517 19002
18533 18749
18533 18901
18534 18743
18539 18722
18649 18726
18666 18770
18673 18820
18697 19129
18709 18843
18724 18777
18728 19681
18735 19464
18743 19393
18743 19635
18747 19124
18748 19447
18820 18831
18837 18842
18889 19305
18906 19288
18949 19305
19093 19223
