16756 2
3604 1
13653 1
722 0
10799 2
10978 1
19329 2
10911 1
9179 1
15910 1
9755 1
13116 1
5137 1
8946 0
7266 2
9283 1
10397 2
1371 1
2311 2
4631 1
4561 1
6975 1
5639 2
18683 0
9197 2
6691 1
3024 0
12039 0
6256 1
2402 2
17670 2
13700 2
15826 1
18444 0
19474 0
12241 2
1213 2
18939 1
7527 0
17090 0
15697 1
13534 0
9432 0
18901 0
10834 0
17493 2
10752 0
16506 1
14025 2
8515 1
18820 2
12119 2
8317 1
15368 2
18395 2
19616 2
5767 1
14417 1
4114 1
8831 1
16246 2
6796 1
5537 1
2694 1
2515 0
14671 2
12008 1
13493 2
1861 2
16379 2
19600 1
10538 1
1093 0
2141 1
6134 0
5423 0
16819 2
13928 2
18044 2
10016 2
11876 2
19312 0
7451 2
4222 1
14127 2
6054 0
12370 2
10954 2
12595 2
9376 2
15829 2
19337 2
895 2
18472 2
9481 1
8715 1
9915 1
4926 2
3256 2
11993 0
12638 1
11540 2
16280 0
12279 2
7048 1
15107 0
2889 1
8632 2
19188 1
609 1
2839 1
7126 0
4098 0
17682 1
7832 0
375 2
12726 1
7520 2
1760 2
3038 1
13144 0
19231 0
9591 1
14938 0
13111 1
11574 0
17196 1
14461 1
11046 2
5220 1
972 0
9787 2
12083 1
3783 0
18041 2
5270 2
6551 2
9160 0
17177 2
12036 2
13912 2
11665 0
14716 0
10301 1
3565 1
8578 0
14629 2
17701 2
8885 0
1802 0
10336 2
16875 2
17834 0
16780 1
8002 0
17369 1
7092 1
968 1
19585 1
4241 2
3803 1
8341 1
11803 1
7572 2
17829 1
427 2
5134 0
1501 1
17925 2
6544 1
8546 2
18945 1
10712 1
15789 0
630 2
2751 2
10684 1
14544 0
10091 2
15493 1
7647 1
18335 0
333 2
8619 1
17944 0
18612 2
4524 0
7238 2
454 0
18308 2
217 1
2203 1
4037 2
3171 1
14885 1
2409 1
4413 2
1223 0
10450 2
4043 2
7970 1
12302 1
15282 1
8284 2
2289 2
14609 1
5442 2
11879 0
2690 1
3876 1
9162 0
15042 1
2473 0
580 2
19366 1
232 1
17230 1
9380 1
17409 2
18484 1
4374 2
665 1
6222 2
16414 2
13177 2
6995 1
19341 2
6972 1
6814 2
990 2
12889 0
2667 1
9893 2
406 0
3258 2
6439 2
6393 1
141 0
4340 1
4368 1
13294 1
15039 2
13240 2
1974 1
10465 2
2730 1
1585 0
17882 0
16181 2
7806 1
9589 0
16624 0
6430 2
5972 2
8564 0
18743 1
4010 1
13892 2
7615 1
13003 0
15915 0
3487 2
16655 2
15622 2
8747 1
6694 2
15167 2
1664 1
3196 1
4903 1
4968 0
1564 0
13814 2
3402 2
14601 2
13776 1
5242 0
12177 2
5280 0
6235 1
12910 1
4784 1
4462 1
7116 2
8376 1
19175 0
4976 1
15193 2
13523 2
5570 2
3888 1
8217 0
8760 0
19404 1
1051 1
16468 1
14157 1
8732 1
10485 2
16838 0
18958 2
6895 1
13155 2
12161 0
9771 2
7473 1
10915 1
7861 0
9551 2
6329 2
17750 2
14212 1
2274 1
13251 2
14175 2
12150 2
15872 0
11477 0
2542 2
6397 2
10881 0
11425 2
9050 1
605 1
19447 1
3145 2
13307 1
18526 1
4199 2
6887 0
8042 2
11019 2
7110 0
2546 1
1940 2
12536 0
3740 2
4034 1
18163 1
15858 2
10802 2
11322 1
15204 2
2131 1
3743 2
17284 2
16770 1
7995 2
8682 1
8553 0
18947 0
3344 2
6555 2
4258 2
9908 1
7914 1
3790 2
3917 1
9087 2
2547 2
14137 2
1992 2
2960 1
17426 1
1650 1
4581 2
13565 2
6748 1
9518 1
18183 1
3477 2
17135 0
14775 0
12359 0
9385 2
13668 2
15061 2
10328 1
8614 2
16461 1
228 2
12222 2
17289 0
10166 0
1941 2
18740 2
12532 1
11047 0
13178 1
10709 2
14880 1
18166 0
19061 2
5554 1
13109 0
19448 0
15362 2
13027 1
4480 0
6893 0
1739 0
6258 2
9106 1
18200 1
10546 0
5433 1
7422 1
4927 2
14281 2
6668 2
19587 2
17901 2
12274 1
18465 1
12958 0
8984 0
10240 0
13018 1
9374 2
18711 2
12318 1
11978 1
6986 1
572 2
19515 1
5903 2
400 1
5159 1
19262 1
4740 2
19124 2
15045 2
3468 1
7308 2
5006 1
18261 1
4530 0
15083 1
14078 1
11177 2
5656 0
9970 2
19538 1
13074 2
1800 1
8031 0
8874 2
9774 1
11878 2
2144 1
2738 1
19181 2
4295 2
7045 0
5746 2
15224 1
9338 1
13636 1
3506 0
9874 0
2617 2
10962 2
15670 1
13187 1
3123 2
7847 2
12875 2
4290 1
7798 1
18416 1
3307 1
7384 0
7359 1
1671 2
18257 0
18659 1
2861 2
17269 2
1594 1
15166 1
10210 1
3563 0
4055 2
14237 2
6951 2
3852 1
9040 1
8963 2
7808 0
7662 0
887 2
15581 1
11704 1
648 1
2259 2
3899 2
18477 0
18195 0
15899 2
2444 1
7867 0
6415 0
1584 2
19215 2
9347 1
12925 1
4964 2
12908 0
3940 1
1602 2
15744 1
10182 2
1876 2
5417 2
5371 1
1637 0
613 1
18944 1
1662 1
10498 0
7081 2
16872 0
1772 1
10830 1
17988 2
838 2
9275 2
3474 0
9490 2
8172 2
3825 2
18829 0
4116 2
17657 1
14489 1
10398 1
13939 0
5946 1
10092 2
12341 1
13304 2
1666 1
8349 2
3525 2
12898 2
19612 2
6859 0
16037 2
8557 2
186 2
16615 2
18065 2
3260 1
16876 1
6302 2
13897 1
17404 1
15546 0
12047 1
10768 1
3860 1
4478 1
14570 1
12836 1
12368 1
11888 2
1688 1
1483 2
5544 2
3394 1
6743 2
1898 0
10578 1
17685 2
15921 2
15681 1
3404 1
5807 0
10432 0
18394 2
14911 0
14374 1
672 0
2364 2
6593 2
9092 1
10526 2
18709 2
18831 2
3162 2
9073 0
