163 1110
163 1717
163 1127
163 191
163 129
163 415
163 237
163 1178
163 757
163 2564
163 1362
163 1065
163 2296
163 1060
168 475
552 548
552 374
552 451
552 472
552 2
552 305
552 239
552 446
552 644
552 220
552 311
552 653
552 16
552 173
552 554
552 559
552 412
552 723
552 85
552 688
552 621
552 636
552 738
552 749
552 57
552 60
552 210
552 671
552 167
552 92
552 691
552 367
552 466
552 473
552 483
552 575
552 455
552 298
552 601
552 370
552 306
552 277
1459 2404
1459 775
1459 57
554 446
1994 2241
1994 1995
1995 2097
1995 1907
1995 1800
523 2442
523 1931
523 54
523 415
523 2480
611 716
611 511
611 2676
611 1352
611 601
611 413
1534 1278
612 2568
612 289
612 1046
638 2465
638 862
638 1189
638 1468
638 2541
638 779
638 1027
638 375
747 328
747 599
747 330
747 628
747 572
747 204
747 655
747 779
747 542
66 2359
66 1248
66 2294
66 69
66 215
66 2310
66 1531
66 2441
66 2122
66 183
66 34
66 1698
66 149
66 2520
66 288
66 2157
1136 1516
1136 1060
345 2389
345 261
1256 881
581 50
583 2398
583 2568
583 50
583 1214
583 1278
583 1126
583 64
583 284
583 643
583 2371
1512 999
1512 1463
1512 1335
2508 2137
251 6
251 88
344 2617
344 2229
344 1442
344 1275
569 255
570 212
570 2026
570 1258
570 1381
570 1200
570 1243
570 1246
570 1524
570 1709
570 169
570 1922
570 1814
570 872
570 59
570 874
570 1245
570 1067
576 330
576 1710
576 570
576 874
2499 2357
2570 480
347 999
1240 999
1322 1027
1322 323
426 1576
426 303
426 1275
426 1061
1328 1423
1328 1584
1328 1101
1328 1031
1328 1513
1328 927
1328 1412
1328 1155
1328 1020
1328 1109
1328 1111
1328 1568
1328 947
1328 783
1328 785
1328 1173
1328 1107
2338 2443
427 1811
427 698
427 250
427 1577
430 2137
430 1270
2342 1270
1335 1024
1335 1478
1335 944
1335 1607
1335 1512
1335 1223
1335 885
1335 1270
1335 1032
1336 1027
1337 1335
2343 2443
1339 1335
1339 2443
289 1278
71 2442
74 511
74 881
74 787
76 1128
76 2532
76 250
76 2327
294 83
294 1353
294 21
294 502
294 1438
294 665
294 103
294 186
294 173
294 638
294 554
294 191
294 1672
294 807
294 252
294 699
294 85
294 633
294 636
294 2476
294 2430
294 465
294 466
294 477
294 483
294 564
294 565
294 566
294 588
294 128
294 153
294 277
2246 2475
1259 2213
2520 2359
70 255
70 999
75 2299
1854 2299
84 1550
359 330
2057 2465
228 2465
228 2617
228 323
456 2653
477 1645
483 367
562 60
565 2442
565 738
565 57
565 60
565 367
565 2480
565 1373
565 601
566 472
566 2480
2480 653
2480 2485
567 1828
1491 903
2583 2333
686 2541
1643 1189
1061 1010
1061 1578
1061 1651
1061 1244
1174 303
318 991
318 2333
322 1027
1203 816
1203 881
1203 779
1203 542
1287 787
1288 1128
1288 787
420 2214
519 2549
2421 2389
2427 507
1428 2617
1428 2229
2586 1647
2150 1192
1281 1471
1282 1471
1053 1463
378 286
378 1275
378 1027
378 1061
378 1678
731 330
731 1778
136 159
247 2257
247 1973
2207 1786
2053 2685
2054 2685
414 908
414 1442
635 375
640 109
649 2581
2560 323
986 862
986 2616
258 0
478 303
479 649
479 478
479 147
479 418
479 1354
479 1627
479 2636
479 92
479 2300
479 136
479 449
1645 797
1645 204
871 1591
158 184
158 598
158 433
158 707
1234 977
1234 1226
1234 1187
1234 1263
1234 13
1234 937
1234 1275
1234 790
1234 1510
1236 382
1238 1550
2350 2168
1343 1364
2356 2246
453 9
453 1449
2360 2004
1363 2168
1363 1364
1363 2653
1364 1705
1364 1469
549 507
667 480
667 257
1592 1298
672 2004
672 2653
910 1589
910 964
910 764
193 2549
652 373
2676 1787
2676 2385
1741 601
3 601
1844 1845
1845 1979
1845 979
68 1845
2393 1813
2393 1952
503 1813
503 1952
1672 1352
1672 903
1016 1110
1016 1466
2607 2074
2607 2310
2607 2369
2607 1987
1636 983
2615 1647
1647 2074
1647 1684
109 635
109 640
109 535
109 1296
109 1888
109 1074
109 459
109 672
109 884
109 2315
109 778
109 1661
109 171
109 955
109 507
109 488
109 967
109 2053
109 2054
645 51
645 312
645 742
645 211
772 1502
772 768
772 51
772 2166
772 2167
772 312
772 742
772 1240
772 1241
772 2076
772 1147
1285 770
1285 1298
405 753
407 1298
407 1875
1298 407
409 753
409 1298
41 533
41 1713
490 6
490 220
490 5
490 492
490 734
490 45
490 213
1687 1189
1687 54
256 983
2192 1743
418 135
2467 323
1931 2277
1931 2402
1931 1408
1931 1921
745 1700
766 2532
1348 612
102 404
102 1824
102 2333
1003 2483
1003 1364
1004 2483
1004 2350
1004 1364
2253 2213
485 2561
2380 2561
486 1278
585 1275
585 1061
1644 2616
1644 1328
2614 2616
2616 986
2616 2484
2052 2062
2060 2062
2061 2062
2066 2062
1084 991
560 1375
202 204
204 1811
204 597
204 2410
204 2650
204 202
204 741
204 274
1290 2080
2406 2078
157 1375
157 716
157 2021
157 1550
157 2417
1112 2415
2182 1835
655 198
308 9
624 572
627 1270
2653 2028
2653 1363
1697 929
1697 1599
1697 16
1697 1703
1697 1559
1697 1664
1697 1667
1697 1683
1697 804
1019 862
2299 1854
2299 1855
629 612
636 764
1573 764
1690 995
738 1585
738 1376
738 1213
738 1741
738 1727
738 621
738 210
738 564
738 575
738 2628
738 2629
738 1183
858 991
57 306
60 252
60 688
875 775
875 1192
162 775
577 250
2492 2547
350 770
2024 1778
1462 1657
1462 1457
0 544
0 8
0 435
14 0
1908 1647
1908 2561
1910 2506
1910 2242
15 254
15 129
2015 2327
1050 1591
2532 2417
1393 1128
2509 1962
2509 517
2509 2618
698 360
698 474
698 1431
2181 2143
2181 2178
2181 1788
2181 1793
2181 1795
343 1577
1305 1065
809 908
2674 1352
761 9
129 2363
129 2446
129 1973
129 1409
129 188
129 2220
129 2165
129 2451
129 538
129 22
129 2193
129 1204
881 1119
881 2295
881 112
881 816
881 2702
881 572
881 2203
881 2405
881 1411
881 2454
1975 2689
250 170
250 694
250 708
250 31
250 736
250 639
250 498
250 499
250 584
250 304
250 107
250 108
250 33
2423 862
2423 881
2428 2021
1111 2292
4 170
787 1437
415 995
415 789
415 2664
415 2103
415 1737
415 1832
415 1836
415 209
415 1790
415 2353
415 712
759 93
759 161
1006 472
1591 1701
1591 33
1591 36
1701 832
1527 2561
88 762
88 587
88 116
88 225
88 760
88 44
88 682
88 208
88 371
2506 2416
2506 2575
2506 2458
1812 862
2605 2502
219 757
798 507
382 29
382 2132
382 1837
846 757
847 1402
847 1468
848 1468
2444 2257
2444 500
237 329
237 1060
654 135
1595 1824
1595 1576
2675 1824
2135 2012
2135 2023
2135 2333
2135 134
2135 2583
1767 2257
22 2257
1768 2257
208 1270
2136 2148
2148 2136
1267 1335
1275 2617
1275 2290
1275 2291
2290 2213
107 250
1924 2327
2530 2415
913 827
913 909
2040 2004
159 2172
159 2066
159 2543
159 2674
985 159
954 1591
431 2137
887 983
1178 995
1178 854
1178 956
1178 1476
1178 1736
1178 1737
1178 1688
1178 1690
1178 1230
1178 1231
1178 1232
1178 1362
1178 1034
1178 1099
2175 1745
2175 1362
1184 1362
2113 2623
964 1673
964 1432
964 1140
964 965
964 966
964 1481
964 902
965 1060
983 1531
983 1302
983 928
983 1002
983 1735
2687 764
764 769
764 1581
764 636
764 2174
764 1311
2334 54
1161 2324
2149 2188
2391 507
507 1888
507 2548
507 2391
86 373
367 440
1523 813
1523 815
1523 1136
1523 343
1523 880
1523 1060
712 54
2327 2015
2327 1924
2327 2034
2466 2240
2466 1830
2466 831
2473 1192
675 1442
455 374
339 1602
1452 1375
1025 1449
1027 1388
1027 56
1270 236
2511 2083
832 1701
36 1066
574 1962
121 1990
1060 1890
1060 2039
946 1179
1007 837
1326 1602
643 50
2091 2617
2091 303
447 1471
719 2561
439 388
1550 1624
1550 1158
1550 1238
1550 1199
1550 1425
1550 1419
1550 1555
1550 684
663 496
663 2393
663 501
650 472
1580 1577
658 1577
793 1110
793 1127
1489 837
902 964
1052 1066
1052 832
1333 1369
1153 1127
1153 1065
1266 1576
375 1576
375 836
481 9
1800 1995
967 57
2017 2677
2017 1479
2017 1582
1026 1433
1026 1105
1658 884
462 187
1192 321
2303 1951
518 2532
2417 2532
1678 861
1678 1339
1678 1570
728 1127
728 1466
1106 1065
1466 943
1466 1650
615 54
2080 2609
2329 2080
2685 2053
2660 1933
748 1933
1891 1875
912 1150
929 2442
767 255
2270 480
995 2139
995 956
995 1971
995 1985
995 1690
995 1230
995 1231
995 1232
995 1495
324 185
332 185
332 1064
534 313
862 2364
862 1513
862 1407
862 1155
862 785
1368 991
2014 1828
2018 1828
1818 1813
1952 2396
1952 2029
687 1700
2214 2223
2214 420
2164 2094
725 93
1926 748
1933 748
1933 36
1941 1926
922 1233
923 1233
730 770
191 448
191 22
191 395
286 2195
286 178
286 1963
2689 2209
1656 2357
1656 1822
1656 1710
412 688
1442 1135
1444 1442
1445 1442
161 713
161 95
161 996
161 2311
161 1147
161 684
140 323
1471 1501
1728 1110
1728 129
1729 1110
578 13
1441 1717
1063 1065
2410 1811
2410 204
99 1722
99 2679
2236 2435
2262 2435
1463 931
1463 1399
1463 1405
1463 1406
1463 1361
1463 999
77 337
340 341
341 529
341 709
389 185
509 669
509 314
421 255
2011 1835
1827 1962
1827 2083
1827 2224
1310 1306
1310 1499
58 1891
58 536
58 990
58 2495
693 1501
693 648
693 1471
693 531
1633 1471
2126 2213
572 112
2292 2140
2292 1899
2404 2221
2434 2160
623 1064
428 302
432 302
1149 1150
1150 1323
2107 1953
2118 2442
2624 1931
2021 2218
2021 87
717 2502
150 50
1718 1373
354 330
188 415
188 757
2326 2324
13 482
143 337
1828 2018
1520 570
1520 874
1990 233
1990 2093
1990 201
1295 886
2189 2188
2190 2188
2194 2188
1710 1450
1710 576
2539 2213
2067 1792
709 341
1834 1905
346 337
2636 2300
444 753
2673 995
2673 2541
2662 1822
2662 2606
2662 527
1380 1717
2403 2581
1154 819
1154 1531
941 1717
2451 1973
2549 2608
2549 280
2549 519
2304 908
1875 2439
145 2296
980 1488
2101 2470
2561 2380
185 389
1434 1208
2619 328
165 432
1630 1150
1419 1550
1427 1550
2006 1824
919 908
939 1242
678 528
1176 254
2663 2229
257 480
257 36
1242 939
1848 2483
2590 388
1803 1913
782 1532
1218 833
1218 1516
1602 1549
971 1602
779 542
779 684
1722 1619
1723 1722
2679 99
2679 2578
542 779
363 337
757 755
757 1965
299 2083
1159 2564
938 1127
2058 757
1558 2564
2564 1785
880 1523
839 874
2470 1230
2470 1277
2470 2643
2470 2646
1065 1279
2641 1745
1167 1332
302 598
302 428
1912 304
1912 1932
2242 2458
2661 2506
2661 2242
2366 2506
2248 2296
2251 2296
916 2374
888 896
894 1255
904 1733
904 889
904 892
904 352
904 1372
904 115
2025 2693
2025 2377
292 904
2153 1992
2153 2025
2247 2701
2247 2263
2263 2701
533 777
1713 889
1713 1870
1713 1978
1713 1982
1713 1991
1713 1992
1713 138
1713 41
1713 2153
1713 1716
1713 2002
1713 892
1713 468
1713 2510
1713 416
1713 115
1716 1713
2002 1713
1372 896
468 896
1913 416
714 833
1796 833
833 2001
833 1516
589 282
592 282
1700 1157
1747 2160
388 2590
1373 1366
2373 2374
2374 2507
2374 2513
2374 1366
2374 2373
1937 1064
952 1064
1064 1937
2553 1875
59 570
59 874
261 626
571 2331
2694 2331
837 1686
