9 4
58 0
874 0
13 6
2676 0
1710 0
1645 0
60 2
534 6
341 0
2246 4
770 0
1700 0
204 0
1912 0
1278 6
1335 3
2025 3
159 4
0 0
2299 6
1995 3
2160 3
1828 2
645 3
1061 1
261 0
1824 4
678 0
191 5
1713 3
2653 4
1647 4
129 5
2564 5
2327 4
1550 4
1835 4
913 3
980 0
655 0
1369 5
787 3
2435 0
6 4
330 0
1697 0
1589 2
2685 4
542 0
2417 3
1471 0
1179 0
1442 1
1973 5
983 6
552 2
1150 0
2547 6
187 0
1375 3
323 4
1875 4
50 6
2296 5
628 0
1027 4
1591 0
1462 0
1275 1
2083 0
2331 4
1678 4
1931 5
54 4
716 0
1811 0
2444 2
480 0
2689 4
2168 4
