4 14044
6 12098
6 10265
14 2501
17 7945
17 3681
18 14768
19 10750
21 7709
21 9213
22 7307
22 18734
24 16184
24 7733
24 8129
24 750
30 9687
34 18839
34 16229
34 11762
35 3797
35 6424
35 18125
35 6948
38 9691
38 17788
38 19137
38 12458
40 16125
40 5058
40 9998
40 15125
40 18821
40 1321
40 16457
41 18765
42 4476
43 5805
44 4717
47 8262
47 6605
54 15736
59 10793
62 462
68 12229
70 14622
72 7832
72 14045
72 755
72 14044
74 2997
85 6407
88 3493
88 2229
90 1183
93 17757
94 4147
99 5430
99 2874
102 17437
107 12142
108 18601
110 2120
110 7853
110 5340
110 17437
110 10540
110 2981
110 8296
110 15114
110 236
110 9490
110 12102
110 3333
110 8104
110 14727
110 9409
110 17649
110 11468
110 11203
110 11084
110 17701
112 8569
113 3482
113 16100
116 4566
116 3377
116 4038
116 7568
116 8227
116 11294
116 19019
116 16058
116 13115
116 5059
116 16483
116 8894
116 7584
116 1941
116 4035
116 4637
116 4467
116 483
116 18028
116 16086
116 9898
116 8097
117 10269
117 9046
117 15390
117 12474
120 14062
124 9321
124 18856
129 12483
132 2905
132 5891
132 2820
133 18068
136 13245
136 7076
136 4020
136 7111
141 12780
142 13325
144 6511
145 5836
150 810
150 13882
150 6184
152 2382
153 13839
154 11116
155 13839
155 529
164 18867
167 12573
170 10568
176 11239
185 3683
185 11840
188 17365
190 7968
201 12142
212 17578
220 6195
225 7712
229 9846
234 19107
242 4537
242 7583
242 1565
245 3031
246 5224
247 5516
251 18778
252 9005
253 8055
255 2184
258 750
258 6272
258 1842
261 10474
264 12514
264 1268
266 17709
267 18236
268 10265
269 10423
269 3160
274 9893
278 5535
283 9264
284 13215
284 3277
284 15885
289 1345
292 5872
294 17703
294 9020
294 3189
294 15403
294 19058
294 7649
294 1566
294 851
294 17080
294 12687
294 6668
294 4704
294 12673
294 1570
294 12891
294 14251
294 12309
294 18561
294 6980
294 13639
294 8592
294 12427
295 13448
295 18724
295 9239
295 14942
298 4057
298 2716
298 14737
306 4477
306 1612
306 15626
306 13859
306 16857
306 10219
306 4002
306 9211
306 2613
306 2729
311 15320
311 3414
311 10050
311 13288
311 18856
311 5106
313 15207
313 7780
317 6603
317 3505
317 9321
323 17646
323 16363
323 9454
324 2929
324 7823
324 9669
324 19144
324 7313
324 13195
324 6467
324 13987
324 5766
324 15325
324 9115
333 8875
336 9473
336 2542
336 19061
336 2309
336 13872
336 17948
336 6754
336 17064
336 18554
336 12851
336 4967
336 12444
336 9939
337 11181
338 1282
339 4537
339 12098
339 3635
341 8424
350 10846
357 2225
357 18242
358 10818
364 1920
370 2633
370 13908
370 16544
370 9430
370 2460
370 5836
370 12326
370 17959
370 689
370 9207
372 18895
373 9687
377 7780
381 18896
381 903
384 8015
384 10870
386 18924
386 5440
389 9366
389 2559
390 2008
390 17814
390 17819
390 3831
395 17422
398 2909
401 4701
410 5440
410 11335
411 14502
417 17629
420 1920
424 16787
426 15952
428 12484
428 8055
429 3197
431 4262
431 18826
431 10932
431 6813
431 9340
431 18824
431 10087
435 18786
438 9978
439 15986
440 2140
440 7412
442 1172
442 2277
442 10698
442 17818
442 17819
442 7830
442 3239
442 12311
442 17824
442 17301
442 9416
442 16926
442 4933
442 6445
442 18753
442 1951
443 4354
444 16938
449 4221
453 16276
454 18325
455 11840
457 15843
459 14202
467 18572
467 11840
467 14754
477 9518
477 17499
477 18277
481 892
485 9564
485 7733
486 13690
488 787
488 13799
488 7274
489 5440
490 11349
497 3162
498 14031
509 8864
509 8137
509 1838
509 14705
509 3162
509 10469
509 8241
509 10677
509 6782
509 11141
509 10857
509 15373
509 6317
509 13674
509 6449
510 15207
510 3653
518 4952
523 15891
528 3052
528 18033
529 18616
529 13839
533 12573
533 5106
540 840
543 4733
547 15311
547 1052
547 2716
552 1345
553 10600
554 1345
555 10796
562 14515
563 13046
563 15390
563 17622
568 9715
571 10107
574 13498
574 11024
574 2465
574 4094
574 8649
574 17336
574 12943
574 5324
577 2425
579 7130
581 18099
583 10600
584 14207
586 10512
592 18765
592 3683
592 11840
598 18911
598 2182
598 2214
598 5152
604 14622
605 14430
609 12617
611 12573
611 7370
613 12120
616 13369
616 7780
616 10037
616 1274
616 14031
616 1300
616 2229
616 3146
616 11120
616 3683
616 7780
616 4717
616 14515
616 7080
619 10818
620 11349
620 16565
623 5682
623 11992
626 13525
643 4014
645 5872
645 15891
649 19074
649 19295
649 13581
649 5509
649 14186
649 4367
649 14912
649 2704
650 12120
650 16322
656 10600
657 18780
661 11044
666 6166
668 6835
668 16026
672 17483
679 12019
679 8803
686 17508
688 7316
688 6721
689 2460
689 9173
689 3285
689 18931
689 4653
689 13241
689 5021
689 11409
689 3017
689 4246
698 15882
700 2134
706 3425
706 15407
706 12458
706 12468
707 15395
709 5440
709 7130
712 2140
716 5440
718 11840
719 6620
719 6516
719 7566
719 5040
719 3759
722 12964
726 8352
726 7316
727 14139
734 2673
735 10859
735 5440
735 10600
735 18895
737 16303
741 8453
743 10600
747 6544
749 1282
749 4799
750 11231
750 5904
750 14211
750 11878
750 5372
750 18725
750 7567
750 7327
750 10769
750 2346
750 14651
755 16198
755 3263
760 2170
763 6656
764 9264
766 10441
784 4764
785 15544
787 7370
787 11203
787 16140
787 8104
787 17649
787 12349
787 4751
787 4393
787 7853
787 8426
787 18924
787 18870
787 7733
787 9409
787 1271
787 11936
787 2120
787 12738
787 3052
787 17839
787 7112
787 10540
787 13597
793 18973
795 4561
803 15722
805 1569
805 5063
806 17739
806 18685
806 18411
808 15207
810 3207
810 16958
810 6934
810 8660
810 5174
814 14082
814 6979
816 4924
818 17708
818 3517
822 6885
822 1912
822 12360
822 17638
822 1220
825 3728
826 1276
832 18973
833 8817
833 17072
833 14910
833 17116
834 7814
834 9327
834 4538
835 16303
840 12592
840 3128
841 14768
847 6501
854 12555
855 12818
856 11655
856 6095
860 8093
865 7193
865 17816
867 18263
869 18788
869 7430
869 13256
869 4733
872 8055
876 1920
877 17429
881 6567
882 15174
882 1359
883 5584
884 10264
884 18211
884 4733
884 4942
884 14442
884 8840
884 11332
886 1043
887 10592
889 10796
891 1513
891 8364
891 18896
892 13285
892 6690
892 8566
892 4916
892 5029
894 13013
894 9197
894 4008
894 6824
894 16303
894 3410
894 12229
896 8130
898 14515
900 4533
901 6184
901 7611
901 2185
901 4592
901 6540
901 6019
903 18984
903 6889
903 16036
903 8985
903 8055
903 15561
904 12126
909 16773
909 8387
909 15113
909 2662
909 19703
912 13651
918 3225
921 15298
921 13474
922 5555
924 3824
925 1547
932 12573
938 10818
945 11955
945 1360
945 1841
946 17657
948 19514
950 16100
950 3277
951 9895
951 13457
953 9156
957 2543
957 15496
957 13246
960 9553
960 12564
960 8956
963 2217
967 3287
969 5872
970 2957
974 6273
977 7370
979 17219
981 8823
984 1163
984 16223
984 1632
984 16624
984 17338
986 9277
986 10601
986 19044
986 4846
986 11039
996 19200
997 18798
1002 7377
1002 2532
1012 17629
1013 13965
1013 5629
1018 18095
1019 10457
1020 3162
1021 2977
1022 10857
1027 18724
1027 13448
1032 18798
1034 5896
1034 12066
1037 5430
1037 4422
1038 10350
1038 16749
1038 8152
1038 8798
1038 8283
1041 4974
1043 14597
1043 14229
1043 16972
1043 3152
1043 14068
1045 15722
1045 17757
1045 10265
1048 9366
1048 18715
1049 1920
1051 1300
1055 11178
1056 2792
1057 12046
1057 18410
1057 16057
1057 8194
1057 11450
1058 2008
1058 13527
1067 10425
1068 2526
1068 13923
1071 4467
1073 3695
1077 15986
1077 15285
1081 13804
1084 11842
1084 15825
1084 15572
1085 12540
1091 12617
1092 18895
1095 6501
1098 11808
1099 18095
1102 16607
1103 15736
1105 3825
1108 5186
1110 16868
1113 4486
1113 4377
1114 17301
1114 5276
1118 8823
1118 4141
1118 9738
1118 13882
1119 2232
1119 10592
1119 18992
1121 14431
1122 2511
1128 3695
1133 4717
1135 10055
1135 11672
1139 5919
1139 4141
1139 12747
1139 17030
1139 6650
1139 12280
1145 3289
1149 9890
1150 12219
1151 15207
1155 16148
1158 19169
1169 18358
1174 3357
1174 1883
1174 13234
1174 8234
1174 7076
1174 2949
1174 4020
1174 4310
1174 5868
1174 2456
1183 2806
1187 2598
1187 6383
1187 3368
1187 18333
1187 18052
1187 18365
1187 9834
1189 10036
1194 5440
1197 10265
1204 12249
1211 17757
1216 18924
1216 10750
1222 10441
1230 11548
1231 12066
1233 6095
1236 14183
1238 11840
1240 14607
1240 19017
1242 8820
1242 12301
1243 2673
1244 10859
1244 6626
1244 18320
1246 5051
1248 13757
1249 9264
1257 7773
1268 18138
1270 4216
1271 10600
1271 7708
1271 2425
1271 5440
1272 15769
1274 18900
1274 15171
1274 6391
1274 6452
1274 6355
1274 15985
1274 13287
1274 5251
1274 19049
1276 2786
1276 6676
1280 2517
1282 17875
1282 18894
1282 8249
1282 6101
1282 18065
1282 8629
1282 9942
1282 15100
1282 18902
1282 7673
1282 10086
1282 15992
1282 7639
1282 3062
1283 9715
1299 14810
1299 19663
1300 8746
1300 8483
1300 7780
1300 1945
1300 16813
1300 8113
1300 18522
1300 3151
1302 5237
1303 1401
1303 12199
1304 11840
1304 13369
1309 1792
1315 7076
1315 16198
1315 13981
1317 18411
1319 18811
1324 3146
1329 9117
1329 8823
1329 13882
1330 13087
1337 16380
1337 3683
1338 4895
1338 3683
1339 18067
1340 2813
1343 2229
1345 11024
1345 15721
1345 15361
1345 19438
1345 14649
1345 11567
1345 4066
1345 15353
1346 6273
1347 18864
1347 15898
1351 18724
1353 4799
1360 17153
1360 16154
1373 18867
1375 18095
1377 6095
1377 9110
1377 17869
1377 13233
1377 13876
1377 4559
1377 3757
1378 14502
1382 8424
1385 5555
1388 2134
1392 6273
1394 8122
1394 1924
1394 5440
1394 11335
1395 18576
1396 16637
1397 7302
1398 15882
1400 14893
1401 10070
1401 12348
1401 7465
1401 10750
1401 15053
1401 11629
1401 3773
1402 4699
1402 3493
1402 6557
1403 1508
1403 5026
1403 10696
1403 6091
1407 14446
1415 13725
1419 5737
1423 18786
1425 10886
1425 18867
1425 17301
1425 7193
1425 4436
1427 16791
1427 9948
1427 10239
1432 14149
1433 16961
1433 1894
1433 2399
1433 17047
1433 16905
1433 13545
1433 3521
1433 3859
1433 4504
1433 19601
1433 11261
1433 16911
1442 12278
1449 9463
1451 2673
1452 6511
1452 4799
1456 13207
1456 16378
1456 15018
1456 15207
1460 1920
1463 4799
1466 13846
1467 4422
1469 17886
1469 16869
1469 14502
1471 14155
1472 3244
1474 4263
1474 10859
1474 17933
1474 2126
1475 15769
1478 13882
1478 4676
1478 6184
1478 9140
1478 18878
1478 10796
1478 8824
1480 17105
1481 2229
1484 8262
1485 11241
1485 8093
1487 4806
1493 6048
1496 5024
1506 9696
1513 13888
1513 9005
1514 9884
1522 9005
1529 7665
1529 7842
1529 3754
1529 18889
1529 8855
1529 4546
1533 16131
1534 1920
1536 2134
1538 17031
1538 7427
1538 18578
1538 11420
1539 4221
1545 11848
1547 6940
1547 5320
1551 2134
1557 16453
1558 18095
1563 11554
1563 18741
1563 1876
1563 15713
1565 5839
1565 2708
1565 11442
1565 2195
1565 13597
1565 16853
1565 4181
1565 12354
1565 11848
1565 9014
1565 18347
1565 14727
1565 5356
1565 10265
1565 12312
1565 9461
1565 15794
1565 9078
1565 13879
1565 3337
1565 15780
1565 18444
1565 18722
1565 2170
1565 18673
1565 4616
1565 2506
1565 2493
1565 3540
1565 4095
1565 7691
1565 7444
1565 4173
1568 18637
1568 11317
1569 13415
1569 3574
1570 18561
1570 6980
1570 14251
1572 18986
1573 14515
1576 4020
1582 18285
1582 4538
1584 6784
1587 2019
1587 16426
1587 15164
1587 14618
1597 17600
1599 2043
1602 12573
1602 12857
1602 11230
1605 3191
1612 16681
1612 2657
1614 12373
1614 8241
1614 16430
1614 18411
1621 18236
1628 18242
1628 18797
1628 10621
1628 16026
1629 12363
1632 16940
1635 7780
1635 16378
1636 3408
1639 15449
1639 15981
1639 15121
1639 1974
1639 4443
1639 8229
1639 17662
1639 14263
1639 10124
1639 6853
1639 15328
1639 6918
1639 11338
1639 18745
1640 4564
1652 14736
1654 15395
1656 18753
1656 9568
1656 10588
1660 18993
1660 2658
1674 17155
1675 6612
1680 6334
1681 18856
1681 5106
1683 2448
1683 5253
1683 10499
1683 17734
1683 5051
1683 16869
1683 2185
1683 7282
1687 3705
1688 15285
1689 15744
1690 4251
1690 8416
1690 15302
1690 2570
1695 6511
1701 16996
1702 11456
1702 18811
1702 17315
1702 4440
1708 2673
1709 7939
1720 15882
1721 12592
1723 4122
1723 14024
1732 5579
1732 13354
1732 2229
1732 6276
1732 18199
1733 10107
1754 10343
1754 17178
1754 14502
1755 16148
1761 4274
1761 16089
1761 15831
1761 15896
1764 16692
1774 2120
1774 14727
1774 11084
1774 4655
1774 13549
1774 3333
1775 6567
1777 2657
1784 18817
1785 2195
1785 6208
1792 13499
1792 10782
1792 11474
1792 11459
1792 14792
1794 11024
1794 16881
1794 12256
1794 4051
1794 8924
1794 14150
1794 11450
1795 12592
1797 1852
1797 6377
1797 10932
1797 6953
1797 15648
1802 7034
1804 6298
1806 3984
1806 13882
1806 10343
1809 16415
1813 10384
1813 13325
1814 15516
1815 17461
1815 6062
1816 10865
1817 7608
1818 16928
1823 17664
1823 18841
1830 15329
1830 18616
1831 9687
1832 12142
1835 6611
1837 14726
1837 4450
1840 6611
1841 19445
1841 10492
1841 16154
1842 7711
1842 18725
1842 17649
1842 6511
1842 15324
1842 8998
1842 14385
1842 13725
1842 3244
1842 10769
1842 10308
1842 18876
1842 17205
1842 6800
1842 5569
1842 14603
1842 14742
1842 2695
1842 4194
1842 4469
1842 10600
1842 10809
1842 10592
1842 16357
1842 15468
1842 9842
1842 3667
1842 13633
1842 2708
1842 14163
1842 3848
1842 7185
1842 17217
1842 17057
1842 19029
1842 14371
1842 17519
1842 7063
1842 4893
1843 6095
1843 13256
1843 4733
1845 8685
1846 6511
1852 15774
1852 8961
1852 7711
1852 13305
1852 8753
1852 7744
1852 13964
1852 16389
1852 8289
1852 15940
1852 15941
1852 6553
1852 17687
1857 3653
1865 8575
1865 9264
1872 17248
1872 14622
1877 14686
1881 2526
1891 18320
1896 4895
1896 18765
1897 18033
1899 6854
1900 11919
1903 6611
1904 19430
1907 17618
1909 2134
1910 5587
1910 7124
1910 10809
1920 3898
1920 5875
1920 6182
1920 13126
1920 18790
1920 3023
1920 15651
1920 4547
1920 17087
1920 15752
1920 15046
1920 2658
1920 9121
1920 14254
1920 17433
1920 6414
1920 16694
1920 11523
1920 17939
1920 15426
1920 4102
1920 5079
1920 2599
1920 18972
1920 9304
1920 16941
1920 6752
1920 18055
1920 10712
1920 5745
1920 11552
1920 2876
1920 9420
1920 11256
1920 11542
1920 8198
1920 12224
1920 16812
1920 9505
1920 3243
1920 4972
1920 19335
1920 5371
1920 9258
1920 4709
1920 14011
1920 13814
1920 10218
1920 11680
1920 15057
1920 13171
1920 15120
1920 19124
1920 13583
1920 9905
1920 8240
1920 11324
1920 10682
1920 15013
1920 6574
1920 15075
1920 4913
1920 13223
1920 10969
1920 17969
1920 10072
1923 12573
1923 16184
1923 6511
1924 7842
1924 10198
1924 16747
1929 16947
1930 18325
1936 3984
1938 2514
1942 15722
1950 7588
1951 17301
1953 3582
1954 16378
1963 8656
1965 10119
1983 2501
1983 2361
1983 11554
1986 10036
1986 11548
1987 6184
1987 4676
1988 13799
1989 2425
1989 4537
1995 9978
1996 10292
2005 6210
2007 9978
2008 10907
2008 11681
2010 16880
2014 7258
2014 13475
2016 8572
2019 4701
2019 3944
2019 3658
2019 7780
2024 12757
2028 14810
2030 4866
2031 12592
2031 7507
2035 13359
2041 14515
2045 9978
2046 9978
2049 17709
2050 4181
2055 14149
2057 5081
2058 8093
2064 16868
2069 8024
2069 15993
2069 2703
2071 16724
2074 17428
2076 7320
2079 11753
2079 5535
2089 16593
2089 6368
2089 11140
2089 15577
2090 11640
2090 5963
2090 9340
2094 14515
2098 15592
2098 8686
2098 2769
2103 13233
2104 12120
2110 7780
2111 9484
2111 4354
2112 2764
2112 16198
2112 7940
2112 13734
2114 13801
2114 18138
2114 10265
2115 2425
2115 8912
2115 5440
2117 2798
2117 12332
2118 18430
2120 3052
2120 7130
2120 7370
2121 10265
2123 4703
2126 16528
2126 13754
2126 18421
2126 15722
2126 2484
2126 17147
2126 18622
2126 19363
2126 7123
2126 13035
2126 14979
2126 16352
2126 15066
2126 10675
2126 10748
2126 15925
2126 18341
2128 15722
2128 14765
2128 9264
2128 10265
2128 3931
2128 6208
2128 13801
2130 9418
2134 9415
2134 12686
2134 14322
2134 13275
2134 19015
2134 13731
2134 6079
2134 4109
2134 4837
2134 5324
2134 6812
2134 5549
2134 16075
2134 9622
2134 3910
2134 4632
2134 13490
2134 6252
2134 14320
2134 14521
2134 7717
2134 8004
2134 4415
2134 11951
2134 3587
2134 7824
2134 6256
2134 11450
2134 7484
2134 11950
2134 8995
2134 13187
2136 15159
2138 17739
2140 5856
2140 11390
2140 15285
2140 11145
2140 17418
2140 4977
2140 7326
2145 6210
2152 11695
2152 13255
2152 14229
2154 17757
2154 15063
2156 3846
2156 3286
2156 10629
2159 14640
2163 10600
2163 18895
2166 13992
2170 18895
2183 5152
2184 2794
2184 16106
2184 18034
2185 14515
2185 10037
2185 17724
2195 18732
2195 14383
2195 9839
2195 3930
2195 12000
2195 13162
2195 10690
2195 2434
2195 4702
2195 2365
2195 13020
2195 2227
2195 6655
2195 10540
2195 7015
2195 6208
2195 3715
2195 2425
2195 3931
2195 9989
2195 11816
2195 11275
2195 3229
2195 11823
2195 8701
2195 6141
2195 15828
2195 15694
2195 8886
2195 10373
2195 13597
2196 13486
2199 17470
2199 18641
2200 10037
2202 10818
2213 2874
2216 10422
2216 2425
2217 8886
2217 11823
2217 3279
2217 16003
2217 16720
2217 6740
2217 8054
2217 12052
2217 12010
2217 8998
2217 18347
2217 3229
2219 12533
2221 4799
2222 15051
2229 16794
2229 11449
2229 13292
2229 3995
2229 2994
2229 14061
2229 17810
2229 19301
2229 13995
2229 11830
2229 2242
2229 18416
2229 11894
2229 4149
2229 2549
2229 16859
2229 10699
2229 15623
2229 10227
2229 13760
2229 19649
2229 9040
2229 14496
2232 11009
2232 12298
2232 17819
2232 10885
2232 8090
2239 2543
2241 4406
2241 8448
2241 2673
2242 14754
2243 6449
2245 9484
2250 6501
2253 6930
2254 11554
2265 4058
2266 9626
2268 17933
2269 12080
2271 3220
2271 13477
2271 14677
2271 2808
2272 12879
2274 12528
2274 13951
2274 17233
2277 2382
2281 4538
2281 6424
2283 13799
2284 5152
2290 8608
2291 17520
2292 17153
2294 16415
2295 9459
2297 13145
2297 7762
2299 9334
2299 8429
2302 3088
2307 9519
2309 17869
2311 15004
2314 9712
2315 6511
2325 15063
2327 4849
2329 8544
2331 10444
2336 5440
2343 19321
2344 18986
2346 6511
2355 6651
2357 18567
2360 12080
2361 16584
2361 6599
2361 14779
2361 15643
2361 5970
2361 2798
2361 5090
2361 10422
2361 13582
2361 10461
2361 12223
2361 6628
2361 12879
2361 19712
2365 18003
2372 8476
2372 17762
2381 15329
2382 15866
2382 18753
2382 12311
2382 3239
2382 17819
2382 7190
2382 19001
2382 7198
2382 15155
2382 9602
2382 5147
2383 7780
2385 2798
2386 12573
2401 10441
2404 9715
2405 9715
2408 9279
2410 3018
2414 14578
2422 2806
2423 5471
2425 15356
2425 12349
2425 13449
2425 7444
2425 7016
2425 6901
2425 18741
2425 16140
2425 15045
2425 18757
2425 11084
2425 18924
2425 13597
2425 17701
2425 14727
2425 10185
2425 12534
2425 13844
2425 17839
2425 13549
2425 9519
2425 6081
2425 15468
2425 12728
2425 15467
2425 18832
2425 5340
2425 14782
2425 2798
2425 8104
2425 18874
2425 6899
2425 10265
2425 11902
2425 18744
2425 4400
2425 9797
2425 6692
2427 4799
2428 8455
2428 8462
2437 10265
2437 18294
2437 9264
2438 15960
2449 10513
2449 4058
2452 18095
2456 13981
2456 8234
2458 17731
2459 2997
2460 10691
2460 4771
2460 11716
2460 12326
2460 14348
2460 12178
2460 16543
2460 9921
2460 5997
2460 18907
2460 16544
2460 3285
2460 9173
2460 18733
2460 9207
2461 13369
2463 4761
2463 4632
2473 9005
2475 6407
2476 8303
2477 12875
2477 8081
2477 15542
2477 8262
2484 17933
2484 17757
2488 15960
2496 18169
2501 9793
2501 19278
2501 11554
2506 12474
2506 7884
2508 18294
2512 11269
2514 13056
2514 18904
2514 11264
2514 15329
2514 4177
2515 3782
2515 18099
2516 18411
2516 13839
2517 15401
2518 9761
2520 6273
2521 17653
2521 14147
2523 6511
2526 19005
2526 18572
2526 5500
2526 4581
2526 9864
2526 10376
2526 17387
2526 17034
2526 13306
2526 10818
2526 13486
2526 3691
2528 7536
2528 5671
2528 5619
2528 19112
2528 15882
2532 15960
2532 8679
2532 12249
2532 4601
2532 15589
2532 3772
2534 11062
2538 3797
2543 13114
2543 5470
2543 8576
2543 18766
2543 10857
2543 10223
2543 11141
2543 18791
2543 9186
2543 4929
2543 7979
2546 3191
2546 2607
2548 13152
2549 8448
2552 14515
2552 11971
2559 8823
2560 18263
2561 4733
2563 7650
2566 11241
2567 10007
2570 14499
2570 10516
2577 4727
2579 9033
2579 17176
2579 8093
2579 5048
2579 12552
2579 18743
2579 18765
2590 17423
2590 10422
2605 4683
2605 15989
2605 15999
2605 17815
2605 17814
2605 4678
2605 7199
2605 16570
2608 18694
2612 12483
2615 7130
2616 13118
2622 6934
2622 17301
2623 12734
2623 3757
2623 5430
2627 17573
2631 15867
2631 3459
2631 13278
2631 7065
2631 19586
2639 3728
2644 18765
2648 18973
2649 15952
2651 6094
2652 9572
2655 4216
2657 7367
2657 15329
2657 13928
2658 8198
2658 18724
2658 13527
2658 6340
2662 18726
2673 14599
2673 19106
2673 15639
2673 15645
2673 10495
2673 17429
2673 10121
2673 4364
2673 11837
2673 17392
2673 15070
2673 19404
2673 17129
2673 14298
2673 8778
2673 5409
2673 12377
2673 6733
2673 6614
2673 8897
2673 4005
2673 17554
2673 11417
2673 6702
2673 15067
2678 11262
2680 6952
2683 7307
2686 12080
2686 8400
2691 5081
2695 14328
2696 3683
2702 12846
2703 10597
2707 9264
2708 4799
2708 12058
2708 5440
2708 16787
2708 19328
2708 11917
2708 3414
2708 15100
2714 11730
2715 3241
2718 19035
2720 14736
2722 8447
2723 6273
2725 18911
2725 4733
2728 17377
2728 9080
2733 4895
2733 3683
2734 4895
2737 3683
2754 8453
2754 12973
2756 6634
2767 3683
2769 15993
2769 15994
2771 5899
2771 14893
2781 13256
2781 18825
2784 6952
2784 11312
2787 7861
2787 6352
2787 8576
2790 5276
2794 6097
2794 7149
2794 11127
2794 16589
2794 3007
2794 18189
2794 19509
2794 11574
2794 18034
2794 13838
2794 16106
2794 14894
2794 16768
2796 15320
2798 6861
2798 11823
2798 5004
2798 8613
2798 5786
2798 10717
2798 11816
2798 16759
2798 16031
2798 4454
2798 14284
2798 8886
2798 12332
2798 9656
2798 9797
2798 10603
2798 3676
2798 10265
2798 13549
2798 15356
2799 6407
2802 17600
2803 17600
2806 5455
2806 9549
2806 4935
2806 10420
2806 3399
2806 16190
2806 5521
2812 5891
2813 12294
2813 8688
2815 14578
2815 15461
2816 5930
2819 5375
2821 9880
2821 6096
2824 18895
2826 13675
2826 4546
2826 18734
2826 14008
2827 18099
2828 17155
2829 5635
2835 5872
2847 16417
2850 6907
2854 7282
2854 13215
2856 7883
2858 10441
2860 4874
2860 18811
2862 13716
2862 16565
2862 6952
2862 18411
2866 18236
2873 11394
2873 7659
2873 10141
2873 17440
2873 11621
2873 19125
2873 15468
2873 14128
2873 8042
2873 14756
2873 18694
2873 3782
2873 16195
2873 17664
2873 6930
2873 4755
2873 11813
2874 16887
2874 17285
2874 7098
2874 17101
2874 7616
2874 14224
2874 9698
2874 16513
2874 15088
2874 6945
2875 10247
2876 6340
2877 18730
2877 8385
2877 14758
2877 8394
2877 12569
2877 8788
2877 15571
2882 6048
2884 13582
2886 15329
2891 18780
2895 18576
2897 16363
2902 13801
2903 18035
2909 17689
2912 18576
2913 8109
2915 10257
2915 16754
2915 4513
2915 10675
2915 17147
2915 6579
2915 16486
2915 6110
2915 3435
2919 12142
2921 11595
2921 9326
2921 10313
2922 9192
2925 17496
2925 9197
2926 6511
2927 13725
2927 7193
2930 6161
2930 15110
2933 3705
2935 18778
2938 18956
2945 14515
2949 15849
2952 3756
2955 15207
2957 6612
2957 7399
2957 15066
2957 11188
2957 4429
2957 15828
2957 3918
2957 13892
2957 10690
2957 5240
2958 3683
2962 6567
2964 3052
2964 10265
2965 15390
2979 4527
2981 7130
2981 15579
2981 4733
2985 10119
2987 4721
2989 15079
2989 18614
2990 16809
2995 17219
2995 6511
2996 13131
2996 11678
2996 18731
2997 4057
2997 18162
2997 8087
2997 13775
2997 8509
2997 11450
2997 6962
2997 3331
2997 6784
2997 12836
3009 5587
3013 6156
3013 5963
3017 7003
3017 16544
3017 12326
3018 6811
3018 12858
3018 11808
3018 11364
3026 14622
3030 10532
3030 5918
3037 6711
3037 9784
3038 16148
3046 10818
3048 3683
3049 4733
3052 9589
3052 13675
3052 7997
3052 5467
3052 7130
3052 11084
3052 18758
3052 14356
3052 4445
3052 18315
3052 10866
3052 18740
3052 5602
3052 9797
3052 15356
3052 7156
3052 9785
3052 10185
3052 7629
3054 14356
3062 15390
3062 10600
3067 6210
3074 11335
3075 6501
3077 11349
3079 7583
3079 17423
3082 10879
3089 19174
3090 7056
3090 10389
3097 14622
3100 18680
3102 3339
3105 13799
3105 11808
3110 18757
3110 13844
3110 6988
3110 9083
3110 14279
3110 8024
3110 7112
3110 18545
3110 15045
3110 10285
3111 8755
3113 18561
3115 4186
3116 3984
3117 4546
3118 19018
3119 6543
3119 11762
3119 18839
3121 11689
3121 15407
3123 6567
3126 12142
3128 13964
3129 4764
3135 9884
3138 9808
3141 15207
3141 7780
3143 16604
3146 8509
3146 11317
3146 10236
3146 7780
3146 17354
3146 11450
3146 4899
3146 17681
3146 12256
3146 6358
3146 7139
3146 16123
3146 12628
3147 4120
3147 6128
3152 7408
3154 17423
3157 7274
3161 10712
3161 8041
3161 4888
3162 13679
3162 8262
3164 16565
3165 17933
3165 5090
3165 6811
3165 19392
3165 15710
3166 6543
3166 18749
3172 5021
3172 14021
3172 11409
3172 9081
3173 19169
3173 9512
3175 7317
3178 6511
3182 3824
3182 17348
3182 8921
3186 12555
3190 9884
3190 14502
3191 18951
3191 6936
3191 4689
3191 4783
3191 8424
3191 7465
3191 15727
3191 12568
3197 5622
3197 12786
3197 15603
3197 5876
3197 18845
3206 18918
3206 13448
3207 17116
3207 8823
3207 13882
3215 6611
3218 16652
3218 6854
3218 5168
3218 8646
3219 17155
3224 4615
3225 5639
3226 6273
3228 16070
3228 8561
3228 9256
3228 18946
3229 19035
3231 3683
3244 6628
3249 10441
3253 18911
3254 17418
3264 11739
3265 8626
3266 13839
3267 7780
3271 16100
3273 7032
3273 5487
3273 15728
3275 6501
3275 7096
3277 11805
3277 16100
3278 13557
3279 18294
3279 6511
3280 14777
3280 12457
3281 13369
3285 5568
3285 19186
3285 16544
3286 14298
3287 4632
3289 6048
3289 7377
3289 16873
3291 18178
3295 3754
3300 8452
3309 17401
3309 18896
3309 13378
3309 9248
3309 9456
3309 7035
3316 4895
3322 9857
3330 8893
3330 3598
3331 18258
3333 7130
3333 10265
3337 17170
3337 16951
3338 3891
3340 17248
3350 5810
3352 18765
3354 17176
3358 18694
3369 3451
3369 18347
3369 8741
3369 8236
3372 17933
3374 9884
3376 15713
3376 12573
3376 10776
3376 7733
3379 15025
3380 17153
3405 4727
3405 16299
3405 14657
3405 9671
3408 11055
3408 8201
3410 6062
3414 3607
3414 7659
3414 4237
3414 12655
3416 4689
3417 10600
3429 14768
3437 8464
3438 11524
3441 8912
3441 9672
3451 17933
3457 17153
3460 7117
3461 18576
3463 15110
3465 15159
3466 11554
3469 4924
3469 15729
3485 10859
3493 14119
3493 15821
3493 16579
3493 7352
3493 18825
3493 8444
3493 3567
3493 19005
3493 14956
3493 5471
3493 11454
3493 19323
3493 16541
3496 8544
3497 4895
3499 16593
3503 13703
3504 14031
3505 7579
3505 10540
3505 10443
3505 15925
3505 8498
3505 9989
3505 4702
3505 9839
3505 6901
3505 6141
3505 18732
3505 13597
3505 12000
3505 8701
3505 14383
3510 5442
3517 8262
3517 13651
3524 17731
3526 18411
3531 16026
3531 18797
3534 10600
3538 10232
3540 3931
3540 18864
3542 12206
3544 5440
3553 17057
3554 12734
3558 18411
3563 11381
3565 17929
3567 10796
3572 9046
3574 9942
3574 5063
3576 8486
3576 13822
3577 16724
3577 18084
3577 13824
3580 18731
3582 5506
3589 8561
3590 4537
3592 9942
3601 6603
3602 5891
3602 4309
3604 4644
3624 6797
3630 6603
3634 14622
3634 14586
3634 19010
3634 5152
3634 7883
3635 5178
3635 12903
3635 16003
3635 7156
3635 5595
3635 4537
3635 17111
3642 16816
3644 16415
3645 10254
3646 19035
3651 10857
3651 7861
3651 15884
3651 11141
3653 15239
3653 5029
3653 13865
3653 11894
3653 15864
3653 9266
3656 3716
3658 3674
3658 12552
3658 8980
3658 7780
3658 12256
3662 8685
3663 18993
3667 18867
3673 9942
3677 12973
3679 9223
3681 16426
3681 16367
3683 10552
3683 4149
3683 12197
3683 10727
3683 12356
3683 18994
3683 11450
3683 13748
3683 8529
3683 19164
3683 16952
3683 10899
3683 6795
3683 15945
3683 8317
3683 13141
3683 18942
3683 14992
3683 15042
3683 11067
3683 6787
3683 17275
3683 13630
3683 13550
3683 9662
3683 17810
3683 14521
3683 15347
3683 11375
3683 16221
3683 15642
3683 11151
3683 8837
3688 5430
3691 16154
3691 18973
3691 17153
3695 18558
3695 7320
3695 12332
3695 16501
3700 8656
3701 3728
3703 17178
3705 5817
3705 12335
3705 9998
3705 16658
3705 15125
3705 12002
3705 15431
3713 17424
3713 14238
3714 8157
3714 12121
3715 5440
3715 16951
3715 7583
3716 18849
3716 5951
3716 17649
3716 12439
3716 15713
3716 13632
3716 10379
3716 9409
3716 9471
3720 10818
3721 5635
3727 4849
3728 14907
3728 16534
3728 3998
3728 15484
3728 7195
3728 18271
3728 9274
3728 6514
3731 17155
3740 7021
3743 8755
3744 12555
3747 4865
3752 3753
3753 4026
3754 9672
3756 18685
3756 18411
3756 5533
3757 10301
3757 12019
3757 9473
3757 18518
3757 16965
3757 6105
3757 15664
3757 13466
3757 6288
3757 17401
3757 7180
3757 16748
3759 6224
3763 19113
3769 6107
3770 14467
3772 4601
3772 11701
3772 15864
3772 8153
3772 11894
3772 8687
3773 10750
3777 4717
3782 16531
3782 18255
3782 17454
3782 12713
3782 12199
3782 10141
3782 8340
3782 7100
3782 14756
3782 13491
3782 19125
3782 5394
3782 9942
3782 18952
3782 11936
3782 5969
3782 13160
3782 18694
3782 4835
3782 6806
3786 6166
3787 14649
3792 17494
3794 15031
3794 8094
3794 6961
3795 10181
3799 10600
3803 18765
3805 15926
3805 13908
3809 9484
3814 15159
3821 17133
3822 6511
3823 12734
3824 18589
3824 14845
3831 13288
3831 9199
3831 6511
3831 4263
3831 12573
3831 15592
3834 10865
3837 4924
3848 16219
3855 4895
3856 6273
3858 4733
3860 9463
3867 9884
3869 18973
3876 10874
3878 9180
3879 12592
3880 9846
3886 11312
3888 6273
3895 7780
3902 7320
3906 9264
3908 4079
3908 8556
3909 11808
3909 16928
3911 19010
3918 4537
3918 12363
3919 8755
3923 13369
3926 13882
3926 12181
3926 10441
3926 7954
3929 10269
3929 12474
3930 10600
3930 6208
3931 11800
3931 6692
3931 12349
3931 7115
3931 8024
3931 7307
3931 10540
3931 9083
3931 11188
3931 13597
3931 10256
3931 9014
3931 9989
3931 18843
3931 11902
3931 15467
3931 10600
3931 6208
3931 18741
3931 7444
3931 8945
3931 8668
3931 11275
3931 4181
3935 12113
3940 18786
3942 14530
3944 8392
3944 4045
3945 16800
3947 10865
3950 6611
3961 5172
3965 14688
3971 9048
3973 8130
3984 9644
3984 6411
3984 9693
3984 19151
3984 12726
3984 15508
3984 15263
3984 17019
3984 14841
3984 17143
3984 13759
3984 12267
3984 6972
3984 11495
3985 15979
3985 9880
3989 10492
3991 10865
3992 7053
3992 10119
3996 17194
4001 14515
4007 16274
4020 15849
4026 11957
4026 12442
4027 15382
4031 13938
4031 16737
4034 6273
4039 8424
4043 12058
4047 7465
4055 11335
4058 8166
4058 14733
4058 6048
4058 11563
4058 14253
4060 12762
4064 8262
4065 5375
4065 5422
4067 6378
4070 6611
4071 12818
4075 13949
4082 18236
4085 11178
4086 15722
4086 5440
4086 11335
4095 5440
4095 7583
4097 10865
4106 16415
4114 12206
4117 12592
4122 7322
4124 8081
4127 4644
4128 13839
4129 15329
4133 15769
4133 18558
4135 4673
4135 14976
4135 7229
4135 17597
4135 9427
4138 10862
4141 4893
4143 13176
4143 8234
4143 9671
4144 18786
4144 18095
4147 14384
4148 14088
4148 13887
4149 13369
4149 4895
4150 15891
4154 17909
4157 10119
4164 4422
4164 10441
4166 16901
4167 19107
4170 16274
4173 10265
4173 17423
4173 14183
4178 17003
4179 8685
4181 14183
4181 6511
4181 15284
4181 5607
4181 5440
4184 14502
4184 13586
4189 12080
4194 5440
4194 4263
4194 9220
4196 13274
4198 12474
4202 9022
4206 6485
4207 9518
4209 16106
4209 12357
4209 9596
4211 18911
4212 12573
4216 7535
4216 16495
4216 18726
4217 12491
4221 10929
4221 6745
4221 14663
4221 10063
4221 5958
4221 12540
4221 4618
4221 11874
4221 10484
4221 5219
4221 17950
4221 8537
4221 7459
4221 6891
4221 7962
4221 10382
4221 17723
4221 5214
4221 13164
4222 13256
4222 12433
4222 14758
4224 17301
4232 10204
4232 6204
4232 15522
4232 15884
4237 10269
4238 7780
4244 8424
4245 8299
4245 15147
4246 8823
4246 13882
4246 16544
4249 11840
4251 9017
4252 15769
4259 17415
4262 5601
4262 13882
4262 12592
4262 5420
4262 11640
4263 13844
4263 17899
4263 18589
4263 7842
4263 15044
4263 16127
4263 18846
4263 7775
4270 17301
4273 17191
4274 15197
4274 12142
4274 5048
4278 7838
4290 9978
4293 18109
4294 10886
4294 12592
4294 11640
4296 13703
4308 8742
4323 11554
4323 19278
4325 17155
4338 16415
4341 16054
4353 19016
4354 19271
4354 13124
4354 6548
4354 9171
4355 9005
4361 13151
4377 5099
4378 16880
4378 12955
4384 18178
4388 8918
4393 15540
4393 12098
4400 5440
4400 4537
4402 12592
4402 11640
4405 5440
4405 11939
4405 15284
4405 8912
4407 8448
4410 13415
4417 18694
4421 12592
4421 18067
4421 18867
4422 17138
4422 7768
4422 5527
4422 12876
4422 4514
4422 16342
4422 14277
4422 10120
4427 9884
4436 8823
4436 11555
4436 14603
4436 18907
4436 9921
4436 12012
4436 9289
4436 18080
4436 7711
4436 17228
4436 13595
4436 13882
4436 9643
4436 18433
4436 7098
4436 18739
4436 6411
4437 8656
4438 15063
4440 10859
4440 8387
4443 18844
4443 6628
4443 17271
4445 17437
4445 17133
4445 17933
4445 18294
4445 14356
4449 18035
4450 17356
4450 8450
4450 16689
4450 16097
4452 4743
4455 6579
4455 15722
4455 17933
4457 4895
4459 17295
4461 14832
4467 5898
4471 18911
4473 4799
4477 12142
4484 13301
4486 5099
4493 4596
4493 17726
4494 11548
4497 4924
4505 12120
4511 5737
4511 16444
4511 13151
4512 18236
4513 11381
4513 17933
4513 18320
4523 8370
4523 11507
4523 11996
4523 5949
4524 8130
4527 18098
4527 8384
4527 5275
4527 18934
4527 18394
4527 5178
4527 6058
4527 9471
4527 13020
4527 18849
4527 6876
4527 19442
4527 10737
4527 10776
4527 12132
4528 16070
4537 8668
4537 7296
4537 14414
4537 15780
4537 15326
4537 9490
4537 16003
4537 18744
4537 6920
4537 4586
4537 17111
4537 19306
4537 5595
4537 7533
4537 15722
4537 6120
4537 15113
4537 17193
4537 16676
4537 7156
4537 17492
4537 12102
4537 15467
4537 5340
4537 5178
4537 13469
4537 12903
4537 9519
4538 8406
4538 7814
4538 8275
4538 15975
4538 8950
4538 18455
4538 17453
4538 10229
4538 16198
4538 16283
4538 14571
4538 15544
4538 5749
4538 5197
4538 15770
4540 13564
4544 8912
4546 11335
4546 17182
4546 11055
4549 13131
4549 18731
4550 6567
4554 12098
4557 14780
4558 12142
4559 18986
4559 6095
4559 6883
4562 15589
4564 13661
4564 19226
4564 17174
4564 8916
4564 6452
4564 11450
4564 5536
4564 6417
4565 10435
4570 10269
4570 15390
4574 15589
4578 18519
4581 5859
4591 6210
4592 17876
4601 8715
4601 8687
4601 16416
4601 5511
4606 10600
4607 11840
4608 17191
4614 7159
4616 7583
4616 11917
4616 17423
4625 16415
4626 6501
4632 5024
4632 5661
4632 5579
4632 12126
4632 8034
4632 18169
4632 10513
4632 14484
4632 13525
4633 5610
4640 18770
4645 14031
4648 13757
4653 10512
4653 16544
4655 11055
4661 11349
4668 9046
4673 8572
4676 8956
4683 6511
4684 10265
4685 14467
4687 6806
4689 7729
4689 6353
4689 7283
4689 16295
4689 10765
4689 19034
4689 7636
4691 8221
4697 18906
4702 10265
4702 14183
4707 17730
4711 6511
4716 18625
4717 11375
4717 14056
4717 7453
4717 6391
4717 15289
4718 15513
4724 8803
4726 10818
4731 16565
4733 14516
4733 11370
4733 7178
4733 15386
4733 11752
4733 4791
4733 7709
4733 15128
4733 10282
4733 18821
4733 16384
4733 18211
4733 9878
4733 9998
4733 5058
4733 13256
4733 15664
4733 18242
4733 7465
4733 15715
4733 15005
4733 6568
4734 13839
4738 11638
4749 11886
4751 9264
4751 11055
4752 15891
4752 6698
4752 16880
4756 8656
4760 10254
4763 6642
4764 17673
4764 11981
4764 15868
4767 14688
4770 8626
4771 10512
4774 11170
4783 7465
4787 12795
4789 19169
4791 12887
4791 13256
4791 14502
4791 17539
4796 15589
4799 15760
4799 6292
4799 19094
4799 13028
4799 8139
4799 8384
4799 15944
4799 5292
4799 15101
4799 8580
4799 12573
4799 12062
4799 10848
4799 14959
4799 12596
4800 17730
4806 10570
4807 18786
4811 6273
4820 8447
4821 18798
4829 10332
4830 17593
4830 9983
4837 15960
4846 14465
4846 6952
4846 17470
4846 11312
4846 13325
4848 15849
4849 9094
4849 11894
4849 11054
4849 13696
4849 19541
4849 12944
4849 14654
4854 15390
4860 8153
4865 9181
4865 10297
4866 16639
4867 16604
4869 13453
4870 12555
4879 5294
4879 5435
4880 12385
4890 10107
4893 18867
4893 13882
4893 12592
4893 5106
4895 16026
4895 17005
4895 13723
4895 17426
4895 7895
4895 18797
4895 11449
4895 12768
4895 15806
4895 19090
4895 6557
4895 10131
4895 12194
4895 16508
4895 12264
4895 11817
4895 16340
4895 13950
4911 15769
4911 18558
4912 5276
4919 16100
4922 7783
4922 13161
4922 13823
4923 5706
4923 8074
4924 14987
4924 11623
4924 18703
4924 15663
4924 15880
4924 16724
4924 13765
4924 14246
4924 12513
4924 17718
4924 18417
4924 7126
4924 14608
4924 14198
4924 17842
4929 13297
4929 9904
4929 18616
4929 5668
4932 18242
4932 16544
4932 13882
4932 8823
4932 10796
4932 5568
4938 8074
4938 6864
4938 13297
4938 5533
4939 18558
4942 6019
4950 17961
4951 14515
4952 8862
4954 9978
4959 6273
4961 14082
4962 10600
4963 14004
4967 6407
4967 12573
4974 5891
4974 19107
4978 17869
4986 17474
4986 10850
4987 6210
4991 18278
4996 10471
4998 12631
5002 10036
5002 11548
5002 13846
5009 6166
5013 5555
5014 17646
5019 9070
5019 11458
5020 17034
5021 13908
5023 7883
5024 18198
5029 11178
5029 15207
5041 8893
5048 7780
5048 10476
5048 5872
5049 9978
5051 6334
5051 10595
5051 12019
5051 5375
5051 14618
5051 15945
5051 18252
5051 13525
5051 18816
5051 18754
5051 10350
5051 14419
5051 6298
5053 16685
5062 5711
5063 13415
5067 12855
5071 6511
5072 14314
5072 8028
5073 19143
5073 10741
5073 10629
5078 13757
5081 16087
5081 9824
5081 19284
5081 17596
5081 13595
5081 11280
5081 11924
5081 13751
5081 9757
5086 11554
5090 14194
5095 8836
5098 18765
5099 14828
5103 17301
5106 18881
5106 7927
5106 16915
5106 8106
5106 12655
5106 5224
5106 13392
5106 5839
5109 7669
5109 11403
5111 11168
5120 8656
5136 10492
5139 19125
5144 6952
5147 7935
5152 11726
5152 15221
5152 14191
5152 16136
5152 7700
5152 16525
5152 19010
5152 9965
5152 6661
5152 11116
5159 8299
5166 10358
5168 8348
5169 18973
5170 11574
5171 6979
5174 13882
5174 16544
5174 8823
5175 9418
5175 18798
5175 18236
5179 8198
5179 18580
5185 9046
5186 10189
5186 9197
5199 12019
5199 11052
5201 15852
5205 13372
5207 5440
5212 14070
5217 7780
5218 5463
5223 15813
5224 15390
5232 17600
5233 11044
5233 17382
5238 10471
5243 18606
5263 5440
5266 10441
5276 6411
5276 9921
5276 7452
5276 17116
5276 9114
5276 17019
5276 13882
5276 8060
5276 13653
5276 17025
5276 8823
5281 17629
5284 12734
5289 10423
5290 16561
5291 5432
5293 6208
5300 18068
5302 17153
5305 12887
5314 6511
5318 15448
5318 15405
5318 17266
5323 8748
5324 5859
5324 11269
5324 10037
5324 14515
5328 6407
5329 10967
5340 12098
5340 10750
5344 16947
5353 13115
5354 10875
5356 16951
5356 7583
5356 12026
5372 6511
5373 16100
5374 19010
5375 18887
5375 7415
5375 8449
5375 5693
5375 14390
5375 10862
5375 16106
5377 18405
5377 9584
5378 13703
5381 11739
5381 18310
5386 10642
5391 17961
5391 9723
5399 14467
5401 9715
5402 17637
5403 14467
5416 12818
5419 15329
5421 17689
5421 18846
5421 5600
5421 18644
5421 8681
5421 18823
5421 10121
5421 12345
5425 16211
5429 11103
5430 15826
5430 8510
5430 13863
5430 14827
5430 15971
5430 14816
5430 11024
5432 8946
5435 19445
5435 13210
5439 16685
5440 16033
5440 15467
5440 9083
5440 7659
5440 18740
5440 8668
5440 7444
5440 18820
5440 7296
5440 10212
5440 18889
5440 17901
5440 17899
5440 18719
5440 11335
5440 11898
5440 13576
5440 6692
5440 12561
5440 6120
5440 17701
5440 10198
5440 13975
5440 18843
5440 15722
5440 10265
5440 11902
5440 8426
5440 5839
5440 14383
5440 15044
5440 13392
5440 7150
5440 10600
5440 18294
5440 6527
5440 7691
5440 12974
5440 17053
5441 6611
5442 8078
5449 19174
5455 11708
5460 10532
5461 12078
5463 6184
5467 11554
5467 10269
5467 15395
5470 9463
5470 8241
5479 17483
5487 14742
5490 7780
5492 12518
5493 15390
5494 7977
5494 7736
5494 17424
5494 14869
5494 10514
5494 17848
5494 9297
5494 12900
5494 8457
5498 18510
5499 11307
5500 5859
5500 12142
5502 5877
5502 17730
5506 13620
5507 11358
5516 8249
5519 15349
5523 18411
5524 14765
5524 10119
5529 12985
5533 17194
5539 10037
5542 13648
5543 9022
5546 19113
5549 15960
5550 7021
5552 14515
5555 12523
5555 10227
5555 6759
5555 16157
5555 9107
5555 10716
5555 13518
5560 18282
5563 11335
5563 11055
5563 5839
5563 9847
5568 18733
5568 11716
5568 9921
5568 19313
5568 11289
5568 6977
5568 13908
5568 9863
5569 14341
5569 9199
5569 15100
5582 6698
5584 18739
5587 18099
5593 16415
5595 7708
5595 9429
5596 16869
5596 10441
5605 18576
5607 6800
5607 17933
5607 17519
5609 6407
5610 11011
5610 15234
5610 10165
5612 10600
5612 17178
5618 12624
5621 6651
5625 13725
5632 18236
5635 11561
5635 12324
5635 14317
5639 9964
5642 7217
5643 11967
5643 17726
5644 6161
5649 8544
5650 6352
5661 11687
5665 17178
5665 5963
5667 10441
5668 9883
5668 13114
5673 11554
5673 17178
5685 8572
5686 13757
5688 11116
5695 12385
5698 9264
5698 18895
5701 14149
5702 10232
5702 15428
5704 10476
5708 6883
5708 17869
5713 18567
5713 18867
5714 10956
5714 18958
5716 18616
5716 14780
5720 14484
5720 13525
5720 17295
5720 14471
5724 15722
5730 13846
5731 17153
5740 8682
5741 15849
5744 15113
5746 7370
5750 17424
5763 13846
5768 7300
5770 15207
5774 13846
5777 12855
5779 15713
5784 11178
5793 18280
5793 17580
5793 17032
5800 9070
5800 7935
5805 16214
5806 5899
5807 18138
5808 10600
5809 10791
5810 9222
5820 14914
5827 9904
5828 5882
5832 16415
5849 10358
5856 8688
5858 10535
5859 16604
5859 9864
5865 15361
5868 15849
5872 12882
5872 10184
5872 18840
5872 9148
5872 19129
5872 18743
5872 15207
5872 6243
5872 18782
5872 10385
5872 7924
5872 16179
5872 8271
5872 18645
5872 17542
5872 10601
5872 15891
5872 18945
5872 9035
5877 9037
5877 17730
5880 11099
5880 17540
5882 6452
5882 16466
5882 19531
5882 6048
5883 14671
5883 11252
5883 9550
5883 14499
5883 6057
5883 17209
5891 19107
5891 8651
5891 15176
5891 11818
5891 11653
5892 6979
5895 9366
5896 8793
5899 11779
5900 13846
5901 19010
5914 12518
5915 14377
5919 12592
5921 12332
5927 16947
5933 14149
5934 7780
5939 17813
5939 15197
5941 9884
5941 14578
5945 8364
5946 10515
5946 13207
5949 15395
5963 9366
5963 6377
5966 7780
5969 18694
5969 12879
5984 17814
5985 14356
5989 8199
5989 15889
5994 6184
5994 17629
5994 13407
5994 18558
5997 18931
5998 12270
5999 9315
5999 9842
6000 8318
6000 11170
6008 18411
6014 11840
6017 16593
6019 15952
6019 14353
6028 12120
6031 18743
6036 10441
6039 8153
6039 12528
6043 8569
6043 8153
6044 15156
6045 11554
6048 7326
6048 13779
6048 8470
6048 11200
6048 14556
6053 9715
6054 15849
6055 17700
6058 12573
6059 16689
6060 16415
6073 8055
6075 16184
6081 18694
6092 14502
6094 9291
6094 17201
6095 13852
6095 18174
6095 9325
6095 9175
6095 8439
6095 15702
6095 8102
6095 9473
6095 7043
6095 11356
6095 7458
6095 7467
6096 6158
6097 18034
6097 16106
6099 6407
6104 15952
6109 17731
6113 8406
6120 10265
6123 6501
6130 11181
6131 8408
6134 16106
6145 13256
6151 18411
6152 6511
6161 12500
6161 12016
6166 15534
6166 16892
6166 14022
6166 17382
6166 16521
6166 12272
6166 8428
6167 8656
6167 13822
6167 15444
6171 17499
6178 19169
6181 15893
6181 6811
6184 9553
6184 17399
6184 12564
6184 16800
6184 10620
6184 18373
6184 6934
6184 8956
6184 10796
6186 17056
6190 16700
6192 12964
6195 8436
6195 7300
6195 19280
6195 18651
6195 17215
6195 14376
6195 13069
6195 19594
6195 11000
6195 7651
6195 6638
6196 6501
6204 15574
6204 7752
6206 8685
6207 6706
6207 8262
6207 7086
6208 15951
6208 11275
6208 15117
6208 8024
6208 16033
6208 12349
6208 7103
6208 14235
6210 12256
6210 11888
6210 10393
6210 14361
6210 14412
6210 18439
6210 13422
6210 19337
6210 17859
6233 16415
6239 6952
6243 12483
6244 18867
6244 12592
6244 8219
6245 17411
6247 14515
6248 17155
6255 16692
6255 10107
6255 17155
6262 11508
6262 6567
6266 11840
6272 17708
6272 6511
6272 17217
6272 14385
6272 14163
6272 10308
6272 7063
6272 15324
6272 8998
6272 18725
6273 8528
6273 10699
6273 10165
6273 12943
6273 7142
6273 17961
6273 8043
6273 18201
6273 7742
6273 15171
6273 17537
6273 17634
6273 6927
6273 13358
6273 19308
6273 19374
6273 11449
6273 8529
6273 17042
6273 6450
6273 14623
6273 19273
6273 9040
6273 13252
6273 17438
6273 11450
6273 7518
6273 7174
6273 13740
6273 17688
6275 8130
6278 9512
6285 13009
6285 17382
6285 13534
6294 8077
6302 10265
6304 12206
6309 17993
6310 18786
6316 17483
6316 17933
6327 6962
6328 15390
6330 10818
6333 14431
6334 10862
6336 18867
6340 11103
6340 15302
6342 10358
6345 7991
6352 10151
6352 11342
6353 7465
6354 10119
6365 8272
6367 16676
6367 7533
6367 15780
6367 11353
6375 18035
6375 14417
6378 9103
6379 17709
6382 12839
6391 12818
6392 16896
6399 12016
6400 7096
6407 14826
6407 18873
6407 14124
6407 14988
6407 11847
6407 17124
6407 7950
6407 15823
6407 12158
6407 12654
6407 18814
6407 12291
6407 7712
6411 17116
6411 12710
6411 17301
6411 10796
6411 18067
6419 12656
6419 14765
6424 14195
6424 6509
6431 17730
6440 9046
6441 10119
6443 15589
6449 14426
6452 13722
6452 15960
6454 13703
6455 18901
6461 7370
6462 7370
6463 7468
6468 18847
6468 12013
6469 15891
6473 11381
6474 10510
6474 7370
6474 18889
6475 18786
6477 12304
6479 11432
6479 7797
6479 8774
6479 10763
6479 8089
6481 14578
6481 7954
6482 16004
6485 12150
6485 9041
6488 13439
6488 11317
6493 18442
6493 13417
6493 16604
6493 15448
6495 16106
6497 14298
6499 18694
6501 15269
6501 18671
6501 10657
6501 8775
6501 6651
6501 12590
6501 17035
6501 6721
6501 8689
6501 19460
6501 13364
6501 16698
6501 9382
6501 17854
6501 16020
6501 19129
6501 13173
6501 17779
6501 10252
6501 15455
6501 7069
6506 16816
6511 15100
6511 13185
6511 13288
6511 7219
6511 9471
6511 14862
6511 12502
6511 10593
6511 15044
6511 8380
6511 16184
6511 17110
6511 8312
6511 11535
6511 9587
6511 11507
6511 17599
6511 9224
6511 11823
6511 8886
6511 11440
6511 14651
6511 7923
6511 16096
6511 14783
6517 11808
6524 9223
6528 14174
6528 15190
6540 15952
6540 17105
6540 13354
6543 12540
6546 12157
6548 9484
6548 13124
6553 10796
6560 18895
6561 14640
6566 6611
6567 9584
6567 18958
6567 17481
6567 12647
6567 12673
6567 13185
6567 18130
6567 12365
6567 11085
6567 10377
6568 13256
6568 14502
6568 12887
6568 6883
6569 17437
6575 11809
6579 18495
6579 11848
6579 16528
6579 17573
6581 17483
6586 11335
6586 18294
6586 11055
6590 13804
6594 17194
6599 15079
6599 16409
6600 15063
6602 13606
6603 18589
6603 17664
6603 18673
6611 10403
6611 9629
6611 12664
6611 8987
6611 19264
6611 8488
6611 13479
6611 16648
6611 7838
6611 15223
6611 14551
6611 8080
6611 7740
6611 8968
6611 17772
6611 11995
6611 10761
6612 12978
6612 12308
6612 11469
6612 17018
6612 10573
6612 9830
6612 9264
6620 15110
6620 12016
6626 11848
6626 10754
6626 18614
6626 15025
6626 13576
6626 12145
6626 10540
6626 9656
6626 8923
6628 18572
6628 17387
6629 8720
6634 8572
6638 16947
6642 11939
6642 13243
6642 8686
6651 16161
6651 14658
6660 11655
6662 13369
6666 16533
6673 12879
6679 11269
6680 8852
6685 13525
6686 18558
6686 17629
6689 7053
6689 10119
6690 18973
6694 10859
6697 10265
6698 14860
6703 10107
6705 16604
6706 10818
6707 15207
6715 12818
6715 16415
6715 6784
6721 15579
6725 18227
6733 15885
6733 14149
6736 10782
6740 10600
6743 7370
6747 13705
6749 11828
6749 10422
6755 8572
6763 15589
6764 12710
6768 11116
6771 12058
6772 17899
6782 14780
6784 8377
6784 11925
6784 11299
6784 9888
6784 11900
6784 9881
6787 8093
6787 16295
6788 13325
6788 14465
6788 8965
6789 16415
6789 14430
6792 8400
6794 16026
6794 15245
6797 16637
6800 9199
6800 11518
6806 15978
6806 18811
6807 14649
6811 14555
6811 12727
6812 9418
6817 14515
6828 17483
6828 11335
6834 7021
6835 13677
6838 15395
6841 8299
6845 16415
6851 16604
6854 14419
6854 8435
6854 16823
6854 11365
6854 17194
6854 16934
6854 8348
6854 11686
6856 17535
6860 9466
6863 11349
6866 12533
6866 7940
6866 8207
6866 9021
6870 15390
6883 7180
6883 17539
6901 10265
6902 9395
6908 13757
6914 13369
6916 13369
6923 18558
6923 12734
6925 13799
6926 13980
6930 11364
6933 11034
6934 10796
6934 16621
6934 16958
6934 11361
6934 13882
6934 12238
6934 10314
6936 8424
6936 7465
6941 13804
6942 19107
6952 19032
6952 10601
6952 11810
6952 11785
6952 11472
6953 16044
6955 13725
6956 8225
6962 15300
6962 8889
6962 9961
6962 15273
6962 12836
6967 16541
6970 12627
6972 15986
6979 12101
6979 14710
6979 10761
6985 18992
6985 16501
6988 15395
6995 18236
7013 15736
7018 8306
7018 7204
7018 9335
7019 16565
7021 11725
7021 7221
7021 10057
7021 14080
7021 14132
7021 14825
7021 13269
7021 16754
7021 7574
7024 10600
7028 18911
7032 9232
7032 11866
7047 17155
7048 16947
7054 7968
7056 15856
7056 8579
7056 15478
7057 8949
7064 19113
7072 7968
7076 14045
7076 15849
7076 7571
7080 14997
7080 7780
7080 12256
7090 15589
7096 15363
7096 19629
7103 18294
7109 7367
7111 13980
7113 11753
7113 7221
7114 18966
7115 8912
7115 12584
7130 17701
7130 9161
7130 15114
7130 11898
7130 17492
7130 18870
7130 11203
7130 8426
7130 7444
7130 7370
7130 10919
7130 9264
7130 12102
7130 11084
7130 10185
7130 14727
7130 18874
7130 7774
7130 14317
7130 7215
7130 17205
7130 7853
7130 7691
7130 7797
7130 8998
7130 14356
7130 15356
7130 9797
7130 9587
7130 17649
7130 16838
7130 9409
7136 17726
7136 14902
7136 13676
7140 17443
7154 10265
7154 11335
7170 11381
7173 15390
7174 9687
7180 15882
7180 12887
7180 13256
7182 10759
7185 15049
7186 17151
7188 7193
7188 17816
7188 18418
7190 7193
7190 17816
7191 11178
7193 17819
7193 13435
7193 18753
7193 17816
7193 7199
7193 17815
7193 13451
7193 17820
7193 17818
7193 7830
7193 11402
7193 17824
7193 15562
7193 7198
7193 17824
7193 17814
7194 16131
7198 17816
7198 7935
7200 9181
7208 9231
7215 16184
7215 12573
7215 10600
7221 16896
7221 14194
7221 12354
7221 11554
7226 13882
7227 14127
7227 17535
7234 18033
7239 10875
7249 14622
7251 18673
7254 8954
7258 13297
7258 14027
7269 17909
7277 17869
7282 16869
7282 7326
7282 18720
7284 17933
7285 17910
7286 17604
7286 16322
7287 13703
7295 8755
7296 7583
7296 10265
7299 7635
7300 16947
7303 18911
7303 19010
7304 9340
7305 7780
7306 16214
7316 16219
7318 17461
7320 10302
7320 10695
7320 16729
7320 8912
7323 18095
7326 13439
7326 16681
7338 9046
7342 12440
7344 12573
7356 13981
7366 17629
7366 18558
7370 9009
7370 17649
7370 13632
7370 9112
7370 9519
7370 15925
7370 9409
7370 7702
7370 8172
7370 14317
7370 19029
7370 15066
7370 11113
7370 10279
7370 16000
7370 16993
7370 8886
7370 16573
7370 14821
7370 14344
7370 13345
7370 11898
7370 15692
7370 8919
7370 12240
7370 15288
7370 14604
7377 14253
7379 12734
7379 12592
7379 12015
7384 15729
7384 12229
7387 16251
7387 8386
7387 15601
7399 18895
7399 9264
7399 10265
7399 15722
7404 14627
7404 13789
7408 14597
7412 11467
7415 14388
7421 7666
7425 9022
7429 14218
7438 13799
7440 12734
7444 10600
7444 16951
7444 16184
7448 13514
7452 17116
7452 12710
7452 17301
7452 10796
7465 10104
7465 19034
7465 18888
7465 18711
7465 15455
7465 7660
7465 15242
7465 7636
7465 13160
7465 11944
7465 14573
7468 9264
7468 18347
7470 15207
7470 10862
7471 18009
7472 18960
7476 12086
7486 15891
7497 13757
7497 13325
7498 12298
7498 13435
7507 12181
7507 8882
7507 13541
7507 16717
7507 18322
7507 13882
7514 16148
7516 13594
7521 18893
7532 12035
7536 15882
7536 13256
7541 13846
7553 8241
7555 12552
7561 9770
7569 17876
7577 9100
7579 8752
7580 14578
7583 11188
7583 9519
7583 11468
7583 13620
7583 11275
7583 12134
7583 14383
7583 8668
7583 13879
7583 14727
7583 11605
7583 16127
7584 7780
7584 15986
7588 10940
7588 8727
7588 14474
7599 18781
7615 8424
7618 17401
7619 10782
7622 18770
7627 17201
7635 12839
7662 14467
7664 13757
7665 17170
7665 15592
7666 17888
7669 10886
7669 13882
7671 11012
7671 14101
7674 15020
7689 10265
7691 9321
7694 12879
7698 19112
7708 12974
7708 14742
7708 18741
7708 18744
7708 10540
7711 12592
7711 18867
7711 11640
7711 18931
7712 17222
7713 18986
7720 16100
7720 14244
7731 18867
7733 9279
7736 13949
7737 17228
7744 18867
7744 12592
7752 10782
7752 19002
7755 11554
7756 16184
7756 9279
7759 16652
7771 12573
7774 12098
7775 14849
7775 8122
7780 17634
7780 7981
7780 15219
7780 8980
7780 12552
7780 17724
7780 15826
7780 10423
7780 19263
7780 16780
7780 12256
7780 9040
7780 16989
7780 12327
7780 9620
7780 11450
7785 16779
7786 16214
7787 10119
7790 15100
7797 14356
7797 12573
7797 10600
7810 13981
7814 8950
7815 17424
7820 13009
7821 10871
7830 10592
7836 17726
7836 8318
7836 13457
7842 8122
7842 11335
7844 14515
7847 17483
7862 10343
7864 9889
7875 14244
7875 16100
7879 16800
7883 14890
7883 12707
7883 15574
7883 16224
7883 18557
7883 12465
7884 9388
7884 11595
7885 11759
7887 8656
7891 10818
7891 15329
7892 18811
7894 14045
7894 14044
7894 11304
7894 7966
7894 17474
7894 15849
7896 18263
7898 8910
7900 11100
7900 17170
7900 17850
7923 15989
7923 10308
7924 12142
7925 17924
7926 11335
7929 10853
7935 15155
7935 10895
7935 11470
7935 18588
7935 12298
7935 17819
7935 17824
7940 15544
7967 11386
7967 9943
7968 10724
7968 16986
7968 10580
7969 13298
7970 16947
7971 15561
7971 8055
7973 13256
7974 18986
7979 8241
7979 17953
7979 14780
7981 12256
7981 16780
7991 11380
7991 8058
7991 12019
7994 18895
7995 9340
7997 18294
8000 12349
8000 18741
8003 13256
8005 18558
8007 14622
8008 18798
8016 11170
8022 14515
8024 17301
8028 8656
8038 19514
8038 16951
8040 15891
8042 18895
8047 14785
8050 14515
8054 12573
8055 9930
8055 16579
8058 14865
8062 10441
8064 13846
8065 11116
8074 13405
8077 11714
8079 13799
8080 10451
8080 19088
8081 8833
8089 14356
8089 12573
8090 13882
8093 8644
8093 12971
8093 18568
8093 12249
8099 18896
8099 18770
8099 18753
8100 16451
8104 12363
8105 10441
8106 9046
8106 16787
8106 12474
8106 10050
8109 8544
8112 13703
8114 18328
8115 9772
8115 11197
8121 15479
8122 13046
8122 18589
8122 9014
8127 8912
8127 11335
8129 16184
8130 15627
8130 12513
8130 14917
8130 17723
8130 8244
8135 15468
8138 18411
8142 12229
8146 12865
8147 14515
8153 15763
8153 12960
8153 11052
8153 8687
8153 11774
8154 12080
8161 17499
8162 19169
8172 9264
8175 15100
8175 14341
8190 14988
8190 11526
8193 19192
8193 16154
8199 10161
8201 14742
8205 14640
8205 16318
8205 18773
8207 10850
8218 13675
8219 18739
8221 14515
8221 13514
8223 11269
8227 16593
8235 10801
8241 13475
8241 12649
8241 11820
8241 11141
8249 14341
8249 9942
8251 12964
8256 11381
8262 16521
8262 18521
8262 10046
8262 16985
8262 16953
8262 12001
8262 17613
8263 13882
8263 10796
8264 8299
8271 15891
8272 10759
8272 12722
8288 13891
8291 16364
8291 9321
8294 13992
8295 11967
8299 19002
8303 14275
8313 16106
8316 15207
8318 8893
8322 14082
8322 11808
8325 10492
8335 9448
8335 14586
8340 12879
8342 15390
8342 9046
8352 16787
8352 11335
8353 18932
8356 11178
8357 10818
8359 11197
8361 17730
8364 15302
8369 10119
8383 16276
8384 15893
8384 12573
8387 18589
8393 14688
8396 17301
8396 9046
8400 16931
8400 14475
8400 11705
8400 11316
8400 18682
8400 14498
8405 17734
8411 14791
8415 15885
8418 12080
8421 10204
8424 14281
8424 18583
8424 9441
8424 11184
8424 10104
8424 17523
8424 13819
8424 19034
8424 19439
8424 15455
8424 12568
8424 9712
8424 11944
8424 15242
8424 11389
8426 10600
8426 15284
8435 15342
8447 17194
8447 14943
8447 14703
8447 19053
8447 12632
8448 13979
8449 14618
8451 12270
8453 11814
8453 8851
8453 13915
8455 13369
8455 14484
8457 15207
8459 13369
8462 13369
8463 9977
8469 10441
8471 8656
8475 15063
8476 13256
8476 13215
8482 12855
8482 19169
8482 16868
8483 14431
8505 10423
8509 14431
8509 17520
8509 14515
8511 11116
8513 14342
8527 17133
8527 17749
8527 16184
8534 14053
8538 12555
8544 12710
8544 12152
8544 16625
8544 18778
8544 18036
8544 15813
8546 13594
8553 8572
8555 12573
8564 11349
8566 11197
8568 11548
8569 12019
8569 11052
8572 17024
8572 19013
8572 15169
8572 14921
8572 17561
8572 17597
8572 17997
8572 10044
8572 9313
8572 16010
8572 15352
8572 16349
8572 18604
8572 17037
8572 16350
8572 13501
8572 12894
8575 19029
8579 16413
8583 14216
8583 15201
8583 11842
8583 16569
8583 15420
8588 18880
8588 12647
8588 17590
8588 16312
8588 12412
8588 17172
8589 9046
8598 18864
8600 19107
8616 13412
8617 13586
8618 15207
8621 15461
8621 14502
8621 9911
8621 10808
8621 9581
8621 10441
8626 13792
8626 10104
8626 9484
8626 19658
8629 8658
8647 17869
8652 15849
8653 12818
8656 10827
8656 12213
8656 9383
8656 12621
8656 11724
8656 17120
8656 10612
8656 18756
8656 12581
8656 18780
8661 12059
8661 13515
8663 18895
8664 8890
8668 11753
8674 12497
8675 10119
8679 15960
8682 16652
8684 13846
8685 13057
8685 17329
8685 15840
8685 11894
8685 15864
8685 14654
8685 12582
8685 19695
8686 18728
8688 11145
8688 18896
8691 13804
8694 16787
8694 12474
8697 11335
8697 10265
8698 16154
8701 17178
8701 10265
8704 10818
8709 19035
8715 11436
8715 16131
8724 11458
8724 9223
8730 12344
8730 17282
8734 9070
8736 18033
8741 15592
8749 16816
8752 9989
8755 14834
8755 12559
8755 15429
8755 17716
8769 16281
8769 12149
8771 19024
8771 13280
8771 14459
8772 8875
8777 10595
8780 11349
8783 13325
8788 18576
8794 10037
8799 18035
8819 18911
8822 18867
8823 10441
8823 16794
8823 18809
8823 18080
8823 18739
8823 9568
8823 18787
8823 12726
8823 12720
8823 16703
8823 14603
8823 18701
8823 9173
8823 18931
8823 9081
8829 17155
8832 12019
8838 14031
8841 12906
8851 16868
8852 14194
8855 9264
8857 15769
8859 10422
8862 10441
8872 11808
8874 13804
8875 14793
8879 9625
8885 8959
8885 9884
8886 9264
8886 10265
8888 18411
8893 12142
8893 14643
8907 12658
8910 15856
8912 16129
8912 8945
8912 10397
8912 15722
8912 10706
8912 14194
8918 14062
8919 10600
8921 15780
8921 10126
8923 16970
8929 13117
8931 12734
8939 17178
8945 17850
8950 13703
8956 18878
8959 14827
8965 13070
8965 14803
8965 17612
8968 9267
8974 16015
8979 15159
8987 14502
8998 9199
8998 10206
9005 17612
9005 9316
9005 19706
9014 16669
9014 11335
9014 17618
9017 14183
9022 16873
9023 11181
9026 15629
9032 11840
9036 9046
9042 14515
9045 13207
9046 12138
9046 18935
9046 16590
9046 13273
9046 16140
9046 10779
9046 13644
9046 10269
9046 12744
9046 11321
9046 18323
9046 19561
9046 12561
9047 10600
9048 16692
9059 13252
9060 19035
9061 11181
9061 18320
9062 13703
9070 12457
9070 9416
9070 12120
9070 18743
9070 11957
9078 16951
9078 14183
9081 13882
9081 13908
9083 15592
9083 11335
9092 15729
9110 12433
9117 12720
9117 18787
9127 13118
9138 18900
9139 10620
9140 10620
9149 18095
9151 18853
9151 15857
9156 17056
9163 12483
9173 13908
9173 13882
9173 16544
9176 10037
9181 19294
9181 12592
9181 10770
9182 19174
9184 12555
9186 14780
9188 12555
9192 15390
9192 12474
9193 15579
9197 13757
9199 10769
9199 14371
9199 13633
9199 14742
9199 14385
9199 9842
9199 15049
9201 18191
9207 14603
9215 15418
9218 11349
9218 10782
9220 10265
9220 18832
9222 12056
9223 18307
9223 17344
9223 11345
9227 15018
9227 16154
9231 16473
9232 19392
9237 11946
9241 16787
9243 11381
9247 19092
9249 15034
9252 13725
9256 10171
9256 19704
9262 18460
9264 15155
9264 14317
9264 10485
9264 10324
9264 15066
9264 11469
9264 13801
9264 15964
9264 10379
9264 13632
9264 11898
9264 14175
9264 17018
9264 16000
9264 10185
9264 18870
9264 12439
9264 15925
9264 12978
9264 12349
9264 10265
9268 13269
9279 18779
9279 12573
9282 19157
9289 9430
9293 11016
9294 10232
9295 17592
9295 11546
9295 17757
9299 13703
9309 14139
9310 17363
9319 15729
9321 9343
9328 14608
9335 9813
9338 9978
9340 15088
9340 12727
9340 18095
9343 19543
9343 14538
9344 17954
9347 14515
9350 18829
9350 17645
9351 18765
9363 14686
9366 13105
9366 18786
9369 16455
9379 11170
9388 10600
9388 12474
9389 12098
9389 17437
9395 13703
9396 18156
9409 12332
9414 18066
9418 13848
9418 12083
9418 12918
9418 17443
9418 11744
9429 12102
9429 9490
9435 17155
9440 11335
9449 17248
9454 13009
9456 17248
9459 14622
9459 9816
9462 17742
9463 13668
9463 17084
9463 14404
9463 14481
9464 12846
9467 18009
9470 10121
9471 14768
9471 12573
9471 16184
9471 17933
9471 14356
9472 12120
9472 18931
9472 10875
9473 13256
9473 17869
9475 14353
9475 15952
9480 16415
9483 16947
9484 12766
9484 12902
9484 12157
9503 16381
9504 16770
9512 15213
9512 11620
9512 16080
9512 13074
9512 10316
9512 14974
9512 10526
9512 10104
9512 10393
9512 15799
9512 14600
9516 16996
9519 17423
9534 11840
9548 17116
9548 18867
9548 17301
9549 16880
9549 16604
9553 14779
9561 19336
9564 10475
9568 13882
9568 10343
9581 16560
9587 10475
9587 16184
9589 10600
9595 12098
9601 9953
9602 11598
9605 12019
9606 14082
9608 12199
9619 14149
9621 15063
9624 15155
9625 16578
9626 12072
9634 18637
9635 17437
9636 9978
9640 17910
9647 12704
9648 16868
9649 17869
9653 15605
9653 15577
9669 15207
9671 10857
9672 11211
9672 9830
9673 16964
9682 10600
9685 17178
9687 18475
9687 19142
9687 15325
9687 10193
9687 12750
9687 16214
9687 17415
9687 11908
9687 16505
9692 13145
9695 16869
9708 14538
9712 10104
9715 17870
9715 13819
9715 19034
9715 12356
9717 14982
9726 15294
9726 18519
9732 11791
9732 9978
9738 15723
9740 15390
9743 18988
9746 10865
9747 17684
9752 14341
9752 13218
9756 11116
9766 11139
9770 16569
9772 11971
9777 14377
9777 18578
9780 18798
9787 10512
9791 18320
9793 11469
9794 16131
9794 16415
9797 12098
9797 18924
9797 10265
9799 17178
9802 18078
9802 18887
9804 10265
9808 12326
9808 15561
9808 13207
9813 17614
9819 18986
9821 18765
9826 14768
9831 18411
9842 11508
9842 19083
9850 16131
9869 17153
9870 13980
9874 13703
9875 11524
9876 13306
9876 10000
9881 13722
9881 17153
9884 17304
9884 10300
9884 17424
9884 13108
9884 17119
9886 17933
9893 13005
9900 19107
9901 13799
9911 16477
9919 13846
9921 10512
9921 18931
9921 17301
9921 14578
9921 10441
9924 14139
9925 12826
9931 14526
9937 18798
9942 15395
9942 18065
9942 18811
9944 14467
9951 12879
9953 17109
9953 13194
9953 18769
9953 12188
9959 11420
9962 18798
9963 18035
9965 10037
9965 12780
9965 14515
9965 13369
9978 13695
9978 15512
9978 11492
9978 16022
9978 11894
9978 16917
9978 11037
9978 14200
9978 13011
9978 15413
9978 19239
9978 13395
9978 11371
9978 15657
9978 16348
9978 17498
9978 13681
9978 19683
9989 17423
9993 10374
10005 10441
10008 11840
10010 17155
10036 11548
10036 17699
10050 11526
10050 18881
10050 14988
10052 12249
10055 19677
10064 16262
10065 12189
10065 10974
10068 11808
10087 18867
10087 12592
10094 12485
10097 14515
10102 18753
10104 14832
10104 15843
10107 15601
10107 12023
10107 15515
10112 18567
10117 18798
10119 14373
10119 10120
10119 11081
10119 14135
10121 14442
10121 17689
10121 12647
10121 17298
10126 17617
10136 12089
10137 17623
10141 18694
10141 18099
10146 12142
10156 18320
10163 13039
10164 18724
10165 14149
10168 15309
10171 16344
10174 14082
10179 11840
10180 16184
10185 10265
10185 18033
10185 18294
10186 16380
10186 13332
10198 12332
10198 13801
10198 15592
10198 11335
10206 17492
10208 18986
10212 10859
10212 10600
10223 16382
10223 14586
10232 17591
10232 15610
10235 11055
10237 13725
10248 10265
10260 16295
10265 11275
10265 12353
10265 18912
10265 16306
10265 16033
10265 12978
10265 13975
10265 17755
10265 15044
10265 15722
10265 12974
10265 17847
10265 11893
10265 11800
10265 11188
10265 15871
10265 18924
10265 16337
10265 12332
10265 14175
10265 13576
10265 10690
10265 11816
10265 13620
10267 15456
10267 16380
10268 16868
10269 15137
10269 15406
10269 14637
10269 15390
10269 18894
10269 13364
10269 15161
10276 10796
10276 10441
10280 14315
10283 12019
10289 19677
10290 11170
10292 17726
10295 18620
10295 17767
10295 18461
10297 16898
10301 13256
10301 11139
10307 16106
10308 12573
10308 13562
10308 13774
10308 16219
10308 10475
10325 14942
10330 16947
10332 17600
10339 17653
10339 14640
10343 18753
10345 13725
10347 10818
10352 18986
10358 17673
10358 18263
10358 15477
10358 15176
10359 19537
10367 17933
10371 11548
10375 18437
10377 17381
10384 15546
10384 11474
10389 13058
10394 12710
10397 17483
10397 15592
10406 14838
10406 12059
10410 10796
10410 18798
10422 16033
10422 13655
10433 18558
10433 13369
10433 19021
10433 10441
10434 16995
10435 12985
10435 10865
10440 16736
10441 18625
10441 15461
10441 13157
10441 16342
10441 15945
10441 15658
10441 17590
10441 15325
10441 17506
10441 12024
10441 14944
10441 14194
10441 18745
10441 14801
10441 15513
10441 12160
10441 12282
10441 18816
10441 10796
10443 18895
10443 18924
10446 13297
10451 11178
10458 18349
10467 12247
10471 14586
10474 16196
10475 18820
10484 13075
10484 16662
10492 15186
10492 14963
10492 14883
10492 15337
10499 17961
10512 16546
10512 16543
10512 12178
10512 14108
10512 16544
10512 15689
10520 16131
10532 13298
10533 15110
10535 18993
10540 10600
10540 12332
10540 14356
10544 15736
10557 16455
10559 15390
10568 11358
10568 19505
10568 10862
10568 15116
10573 17933
10573 15170
10575 18911
10575 13757
10587 19405
10592 15562
10592 10769
10592 16387
10592 14161
10592 18588
10592 18857
10593 10600
10595 10862
10600 11883
10600 16130
10600 12502
10600 17491
10600 18719
10600 16184
10600 15830
10600 18894
10601 12142
10602 18351
10606 16455
10617 12985
10620 18878
10620 13407
10621 13677
10635 15329
10648 18895
10658 17178
10659 19035
10688 16947
10695 18320
10698 17301
10716 16347
10718 10770
10728 11139
10728 15882
10734 13757
10738 13005
10741 15227
10743 14538
10746 17483
10750 18746
10752 15849
10761 18567
10762 16628
10769 13904
10769 15592
10770 17399
10770 18567
10770 16901
10776 13774
10782 15325
10782 12741
10782 11474
10782 15277
10785 12015
10786 10857
10786 11141
10793 14781
10796 18684
10796 18092
10796 17962
10796 14784
10796 16891
10796 15941
10796 12888
10796 18799
10796 10820
10796 13551
10796 15475
10796 16958
10796 15520
10796 15262
10796 17687
10801 15841
10803 16947
10808 16347
10816 18034
10818 16079
10818 16566
10818 12413
10818 19149
10818 16870
10818 14984
10818 13649
10818 16444
10818 11024
10822 11367
10828 11820
10830 17869
10842 11840
10843 14940
10843 18946
10850 13981
10853 14208
10856 16787
10856 15579
10857 12578
10859 17731
10859 11181
10859 17315
10859 14979
10859 11028
10859 16754
10859 19293
10859 15696
10862 17192
10862 13369
10862 11955
10862 18754
10862 18252
10862 13525
10863 18411
10864 16604
10865 13049
10865 17325
10865 14759
10865 15444
10865 15198
10873 18841
10875 13690
10875 13554
10877 18236
10880 11282
10884 18867
10885 13725
10886 18867
10886 18080
10886 17228
10886 14603
10888 19107
10895 16377
10904 16131
10913 13725
10918 12206
10922 19172
10936 18589
10956 11508
10965 13046
10981 16928
10981 11808
10981 13799
10993 11554
10993 15063
11012 13981
11013 14849
11013 14341
11015 13501
11024 18009
11024 16593
11024 11840
11024 14515
11024 13846
11024 15891
11024 11269
11024 12142
11025 18798
11039 12709
11044 16758
11048 14341
11052 14810
11055 14305
11055 15044
11055 14175
11055 13732
11055 17899
11055 18870
11055 14317
11055 11335
11055 18843
11055 13719
11056 17933
11062 11907
11066 17494
11075 11381
11076 14758
11077 15159
11085 17219
11100 11456
11112 17653
11112 12354
11116 18991
11116 15983
11116 12791
11118 16380
11121 13882
11129 11381
11133 13285
11134 14768
11136 16816
11139 12643
11139 18492
11139 15882
11139 16822
11139 12924
11139 11597
11142 18367
11143 18781
11145 15256
11167 18095
11170 15510
11170 17584
11170 11831
11170 17821
11170 18774
11170 11416
11174 14082
11177 11554
11178 15864
11178 11894
11178 16552
11181 11723
11181 14386
11181 11893
11181 11848
11181 16754
11181 12459
11181 12640
11196 17437
11197 14484
11200 16160
11200 16464
11201 13117
11211 11466
11212 18770
11221 15986
11241 12390
11241 14074
11262 11358
11266 11919
11269 18291
11269 19365
11269 12967
11269 17330
11273 16541
11275 17437
11278 12098
11288 14962
11296 18986
11304 14356
11307 17342
11310 12058
11312 11810
11314 18860
11321 11554
11332 18242
11335 15738
11335 11816
11335 18053
11335 16778
11335 16197
11335 15671
11335 13719
11335 15925
11335 14175
11335 13364
11345 11458
11349 18683
11349 11465
11349 16538
11358 12884
11369 14838
11381 16472
11381 12265
11381 16159
11381 13327
11381 18280
11381 18195
11381 17483
11381 12847
11386 17638
11400 14031
11407 15769
11412 11840
11415 13980
11435 14139
11443 13847
11449 14515
11449 14149
11449 16378
11450 14515
11450 13846
11450 16880
11450 15960
11450 16868
11450 15589
11450 14431
11450 13369
11450 16652
11450 11840
11450 16378
11450 15207
11450 18009
11456 14932
11458 14796
11463 16854
11470 12592
11483 12858
11484 11581
11499 13799
11508 12673
11510 19010
11512 16769
11516 17499
11516 13233
11518 17205
11526 18856
11548 12948
11548 11741
11548 18530
11548 14076
11548 15816
11548 14202
11548 13409
11548 15347
11548 14909
11553 16051
11554 18741
11554 11935
11554 16140
11554 12435
11554 14557
11554 15025
11554 12561
11560 18218
11574 18189
11574 16106
11581 15870
11604 12860
11605 14183
11610 17248
11611 15885
11613 11728
11621 18694
11629 18325
11629 17363
11637 17291
11640 11809
11640 12015
11640 15845
11640 15274
11641 17929
11648 15849
11651 17869
11652 16100
11653 19107
11655 12174
11655 12529
11655 13611
11656 19174
11657 16637
11660 17301
11678 15463
11678 14608
11695 18738
11700 15891
11704 16148
11707 18502
11707 14265
11708 14792
11708 14494
11713 17629
11720 13369
11723 15170
11744 18095
11746 14838
11753 15241
11753 13301
11764 18931
11764 16692
11766 18973
11774 14810
11780 14515
11791 18969
11800 12098
11808 14696
11808 16266
11808 16764
11808 12495
11808 14013
11808 11890
11808 15536
11808 16928
11809 12592
11812 18924
11821 15605
11822 16652
11834 18911
11840 14210
11840 17366
11840 18994
11840 14484
11840 12230
11840 16073
11840 13400
11840 12570
11840 18662
11840 18713
11842 12617
11848 18895
11866 15579
11866 15100
11868 16367
11890 13594
11890 13799
11894 17709
11894 14431
11894 15207
11894 16652
11894 18986
11895 16072
11902 12332
11903 14607
11907 17600
11917 11936
11920 17600
11923 18938
11936 12199
11939 17664
11940 18282
11944 19446
11944 18393
11948 18966
11953 12142
11955 13778
11956 12484
11967 16268
11973 13703
11974 13058
11974 13839
11980 13757
11985 15994
11985 14173
11989 15891
11995 18567
11996 13594
12001 12271
12004 16378
12006 14031
12012 14578
12012 18567
12012 18867
12012 18067
12012 12385
12013 15690
12015 16673
12015 12125
12015 18095
12015 12711
12015 12516
12015 18807
12015 17101
12015 12055
12015 18799
12019 16164
12019 14096
12019 14810
12019 17152
12019 14464
12026 16853
12033 18095
12036 14413
12050 16541
12052 18347
12052 19035
12052 17205
12058 18673
12063 12855
12066 13582
12075 13325
12077 14183
12079 13354
12080 14296
12080 14311
12080 14240
12080 19623
12083 18095
12086 12092
12088 14515
12092 18992
12098 16676
12098 14284
12098 12903
12098 15646
12098 17847
12098 19448
12098 13717
12098 18175
12109 17191
12120 17894
12129 17155
12134 14183
12142 12565
12142 14492
12142 16692
12142 15712
12142 15197
12160 16869
12166 15891
12172 18095
12178 18931
12192 18597
12193 17266
12193 15448
12201 14053
12205 19174
12206 18825
12217 15207
12229 16776
12229 14987
12229 13013
12229 14530
12229 12513
12229 13953
12229 15729
12229 17334
12243 16214
12246 12442
12251 19035
12256 16378
12256 15589
12256 16652
12256 17520
12256 14515
12259 18392
12260 17942
12262 13087
12270 12370
12270 18254
12271 14266
12281 18078
12281 19608
12285 15100
12286 18694
12295 12385
12298 14328
12298 18238
12304 16274
12308 13801
12314 15704
12326 14910
12326 14603
12332 12561
12332 12349
12332 19029
12332 18347
12332 13597
12336 12573
12347 16868
12348 18099
12351 19174
12353 19443
12353 15722
12358 19174
12365 17219
12369 17483
12377 18986
12385 19151
12385 15941
12385 19641
12385 17012
12403 16541
12409 18095
12414 12568
12425 18715
12431 14515
12435 15063
12439 17933
12440 16441
12444 12573
12459 15722
12462 18931
12469 15769
12474 17932
12474 14637
12483 15831
12483 12935
12483 19378
12483 12676
12483 15733
12484 18638
12485 15823
12485 19016
12485 13675
12493 13534
12496 15595
12502 15395
12504 12573
12512 14318
12512 15589
12512 13789
12514 17757
12514 17933
12518 15325
12533 14139
12541 16996
12545 18856
12548 18817
12555 15958
12555 16006
12561 15063
12564 15461
12569 18576
12573 17856
12573 17195
12573 16219
12573 12596
12573 15704
12573 16184
12573 13183
12573 19442
12573 18849
12573 16300
12573 16524
12577 17819
12577 13451
12584 18889
12592 17891
12592 18867
12592 18702
12592 13746
12592 18824
12592 17418
12592 14624
12592 18898
12592 18897
12592 18145
12592 13305
12592 14509
12603 12855
12607 12633
12607 17259
12615 15113
12617 13795
12617 14216
12617 15420
12617 18440
12617 16816
12618 13215
12628 16131
12637 19642
12640 15722
12640 17850
12643 18576
12643 15882
12643 14502
12654 15390
12656 13392
12664 17709
12673 18561
12678 17734
12681 14467
12688 18778
12692 17730
12708 15329
12709 18548
12710 14006
12710 17562
12710 14603
12710 18787
12710 17019
12726 18867
12726 18242
12726 13882
12730 19044
12734 16748
12734 14650
12734 12747
12734 17058
12741 15265
12756 14260
12761 17178
12769 19018
12772 18242
12780 18672
12780 18419
12782 13949
12795 13180
12797 18765
12797 16274
12817 15769
12818 12836
12818 16532
12818 13267
12823 18715
12825 15975
12825 13703
12841 16700
12850 16378
12851 16697
12855 17534
12855 17495
12855 13652
12857 16685
12858 13594
12875 16639
12879 19304
12879 14517
12879 17454
12879 14416
12882 16692
12887 16278
12887 15128
12903 17437
12906 16383
12922 14212
12924 14502
12924 15882
12939 15577
12940 13485
12944 16652
12944 15004
12948 15213
12952 13839
12955 16433
12955 14884
12960 14430
12964 18953
12964 16548
12965 15841
12968 13372
12971 15721
12972 13256
12974 14765
12978 15722
12978 14765
12978 13801
12979 16996
12985 14448
13000 16154
13003 18986
13007 17692
13008 17629
13009 15329
13011 18969
13020 15395
13025 13087
13036 16816
13042 18798
13046 15592
13046 14765
13046 16787
13058 14370
13085 16800
13088 18576
13094 16347
13105 16214
13115 18346
13131 13145
13136 16106
13145 15596
13148 17596
13175 15349
13185 15063
13200 15302
13200 13888
13203 15729
13207 15207
13215 16553
13215 16886
13215 17054
13215 13525
13241 16544
13241 19257
13246 13405
13256 14579
13256 15314
13256 16918
13256 18853
13256 19070
13256 18211
13256 16278
13256 15375
13256 14502
13256 16822
13256 16457
13278 16652
13280 17586
13288 13730
13288 15008
13295 14431
13297 16250
13305 18242
13306 16289
13307 18437
13312 18024
13319 17600
13325 18355
13325 13716
13325 17791
13325 15639
13325 16521
13325 16538
13326 13730
13326 15937
13335 15841
13340 14031
13353 15210
13362 18905
13363 18099
13364 15390
13366 14431
13369 17724
13369 14566
13369 15199
13369 18384
13378 17248
13379 16154
13413 15115
13435 14328
13435 17816
13440 19010
13451 17301
13453 14673
13455 18778
13466 15882
13475 18411
13475 13824
13486 17555
13489 18694
13489 18099
13499 18765
13512 17219
13515 18988
13525 19216
13530 18778
13532 16780
13534 17646
13540 15960
13541 18610
13541 18563
13557 18951
13557 16632
13564 15031
13564 14356
13569 18095
13582 16989
13586 18463
13586 14193
13594 14013
13620 17423
13626 18380
13630 18134
13633 14341
13633 14328
13633 13725
13633 13904
13633 15100
13648 18871
13653 17301
13655 17933
13668 18911
13670 16455
13675 17301
13688 16544
13703 14044
13703 14045
13703 18655
13703 16039
13703 17607
13703 17474
13703 18213
13711 18411
13712 17709
13712 15207
13713 18798
13717 15592
13717 17483
13723 18765
13725 17759
13725 15367
13725 18992
13730 18856
13730 15320
13740 14607
13746 14578
13746 18867
13754 15722
13754 17933
13757 17496
13757 17842
13757 17435
13757 17414
13757 15506
13757 15729
13782 19113
13783 18867
13788 18778
13789 15305
13799 14651
13799 14862
13799 18664
13799 19548
13801 18903
13801 17649
13801 16033
13801 18347
13801 15155
13801 18728
13804 15363
13806 14578
13815 14622
13823 15578
13824 15572
13830 18411
13832 18811
13839 17220
13845 18765
13846 14817
13846 14203
13846 19189
13846 18334
13846 17446
13846 19434
13846 18128
13846 17628
13846 16476
13855 18911
13879 14183
13882 18787
13882 18809
13882 18145
13882 18080
13882 16958
13882 15866
13882 16794
13882 18739
13882 14578
13882 15096
13882 18931
13882 14603
13882 18587
13882 16703
13887 16982
13894 17731
13901 14515
13904 17519
13904 16399
13911 14578
13922 16565
13925 17898
13930 17757
13930 17933
13949 17424
13949 18182
13954 14671
13981 15253
13981 18050
13981 15849
13981 14044
13981 14045
14004 16703
14008 14765
14014 18784
14017 18411
14019 18576
14021 16544
14021 15461
14021 18238
14026 15349
14031 17417
14036 14515
14044 17086
14045 17086
14051 15994
14053 17779
14053 16918
14066 18411
14077 16438
14080 17933
14081 16593
14082 19285
14082 15622
14082 17654
14101 15174
14104 17947
14127 17363
14127 18099
14133 17034
14136 18778
14139 19358
14139 14678
14139 19488
14139 17407
14139 16374
14143 14618
14155 16364
14156 18035
14165 15704
14183 14727
14201 16995
14212 16791
14243 18867
14244 18748
14244 16345
14253 18349
14255 16633
14256 15713
14256 18794
14269 18095
14273 18572
14284 18033
14284 14356
14291 16055
14305 17933
14317 18294
14317 14356
14328 17824
14328 17954
14328 18614
14329 16593
14330 14578
14333 18231
14341 18673
14353 17282
14353 16568
14353 16869
14356 19245
14356 18874
14356 15919
14356 17159
14375 17153
14386 18024
14390 15975
14417 17459
14430 15669
14430 17586
14431 18987
14431 15332
14431 19550
14431 15412
14433 16464
14435 16214
14442 18242
14446 15003
14446 14640
14446 17645
14453 16692
14467 18220
14472 16229
14499 16707
14502 16004
14502 19017
14502 15882
14502 16513
14502 15885
14502 18745
14502 18960
14502 18122
14512 14810
14515 15124
14515 19185
14515 18942
14515 16582
14515 18887
14515 19379
14515 15555
14515 17354
14515 15519
14515 17017
14515 19206
14518 17437
14526 18702
14538 17219
14554 18786
14555 15893
14557 15063
14566 15589
14578 15028
14578 16545
14586 15776
14586 15853
14615 14640
14618 17929
14622 17258
14622 15178
14622 18453
14622 17602
14622 18655
14624 18867
14627 18236
14637 15390
14637 15395
14640 18205
14660 19200
14661 18791
14670 15298
14670 14835
14671 18500
14671 17178
14688 18833
14688 16178
14706 16533
14708 19223
14721 18530
14742 15592
14742 17219
14742 15100
14743 17830
14746 15349
14756 17363
14756 18694
14758 18576
14758 15571
14763 17911
14765 15390
14765 18843
14768 18928
14769 18988
14770 15882
14780 16578
14780 19027
14780 19654
14786 18715
14795 17601
14796 17470
14806 18095
14810 18430
14821 17757
14821 18282
14822 18701
14829 18973
14832 19518
14872 19125
14886 18973
14891 17191
14893 15444
14912 15207
14915 16996
14915 18558
14923 18716
14948 15390
14951 18973
14970 15769
14970 16996
14973 18931
14979 17933
14979 17757
14986 16100
14995 17731
15004 18669
15004 17721
15004 15342
15008 15215
15008 16787
15009 18816
15018 17418
15019 17219
15024 19241
15025 17222
15044 15722
15063 17465
15063 15470
15063 16882
15063 18750
15063 18466
15063 15317
15066 18895
15069 19107
15078 16154
15079 17301
15100 16184
15113 17535
15121 15207
15126 16148
15155 15592
15159 17242
15159 15837
15161 16590
15161 16787
15174 18373
15174 16477
15175 15182
15189 16869
15197 15869
15207 16462
15207 17196
15207 16101
15213 16085
15222 15392
15224 18963
15225 17247
15236 18411
15240 17248
15241 18325
15257 17178
15258 18858
15262 18798
15265 18425
15266 18895
15268 17301
15284 17053
15296 17483
15302 18370
15305 18095
15307 16984
15311 18973
15318 15882
15320 18794
15325 18786
15325 16996
15329 18782
15329 16242
15329 17542
15342 18544
15349 17420
15349 16068
15351 17482
15358 15376
15360 16274
15360 17357
15376 16438
15377 16869
15387 17401
15390 18740
15390 17932
15390 18106
15390 16590
15390 19231
15390 18633
15395 18894
15395 16107
15395 18958
15395 15632
15407 15882
15445 16692
15448 16604
15453 16604
15460 15577
15468 18448
15479 18558
15496 18791
15507 16593
15515 16692
15519 19113
15540 18722
15542 16639
15544 16198
15544 18285
15564 19107
15571 18576
15578 17296
15582 17649
15589 19130
15591 17483
15592 17483
15592 18347
15592 19001
15596 17461
15605 17898
15611 17520
15616 17301
15628 16947
15629 17439
15636 17917
15653 16703
15663 16724
15711 17629
15722 16754
15722 16720
15722 18903
15722 18542
15722 16528
15722 17933
15727 15965
15729 17780
15729 17334
15730 18867
15731 18294
15734 16928
15735 18558
15736 18838
15756 18099
15756 18694
15769 18012
15769 18558
15784 18945
15805 16880
15814 19174
15817 17301
15820 18911
15825 18456
15841 17191
15841 17350
15846 18786
15848 18977
15849 16029
15849 19210
15849 16624
15849 16330
15853 19010
15864 17709
15864 16100
15866 17301
15882 16822
15882 16597
15882 17311
15882 17982
15883 16604
15891 19129
15891 17340
15893 17159
15893 18600
15901 15970
15905 16869
15917 16947
15919 18099
15921 19548
15925 18294
15943 17929
15943 18887
15956 17941
15960 18410
15960 19130
15960 17805
15965 16826
15965 18768
15985 16415
15986 17418
15989 19083
15994 17078
15998 17565
16012 17155
16033 17933
16040 18411
16055 18470
16089 18743
16098 16441
16100 17167
16100 18748
16100 19668
16112 17992
16114 16604
16128 19543
16131 18308
16131 16416
16131 16415
16131 18891
16136 17248
16144 16642
16148 17711
16148 18496
16148 19547
16148 19644
16154 18464
16158 18236
16179 17600
16184 17195
16184 17856
16184 18779
16184 19067
16184 17118
16187 17731
16213 18081
16229 19633
16235 18785
16250 17739
16262 17876
16274 18765
16279 17440
16282 17679
16284 16787
16297 16681
16318 18618
16322 16449
16322 16572
16323 17730
16363 18749
16364 17315
16365 17153
16377 17535
16384 18576
16389 18095
16399 19443
16405 18099
16415 18001
16416 16868
16432 18351
16441 18920
16460 18558
16465 16604
16470 18236
16486 17933
16489 18765
16492 18620
16513 17014
16525 17248
16528 17933
16543 18931
16544 18931
16544 18080
16546 18931
16557 19396
16560 18558
16568 16637
16569 16816
16569 18242
16588 16989
16590 18989
16596 19035
16604 18838
16604 17266
16609 17219
16623 17281
16634 16816
16637 16869
16640 18867
16640 18798
16652 17015
16669 18846
16673 18807
16681 18951
16687 17116
16689 17409
16692 18782
16692 17752
16692 18755
16692 18693
16708 18277
16735 18986
16747 17222
16748 17869
16754 17933
16757 18765
16770 18887
16773 17057
16775 18576
16808 16995
16812 17266
16816 18584
16816 18440
16835 18778
16853 16951
16869 17399
16869 18579
16869 18745
16871 18580
16880 19188
16880 17667
16888 17591
16891 18798
16910 18694
16915 18856
16928 18725
16934 17431
16947 19290
16947 18529
16947 19533
16951 18722
16994 16996
16994 18558
16995 17288
16996 18558
16999 18867
17018 17933
17019 17116
17019 18867
17019 17301
17019 18567
17025 17301
17025 17116
17060 18798
17062 18977
17062 17151
17105 17240
17105 17643
17116 17641
17116 17872
17116 18093
17123 17191
17123 18066
17125 17742
17133 18849
17155 18985
17170 18141
17178 17781
17178 17506
17191 19034
17205 18294
17214 17288
17219 17590
17228 17424
17234 19024
17248 18968
17248 18791
17248 19563
17248 17568
17273 19200
17301 19485
17301 18787
17307 18765
17310 19010
17356 18310
17357 18765
17381 18958
17392 18765
17409 19174
17418 19445
17418 18973
17424 18544
17437 19383
17443 18095
17454 18694
17461 19402
17483 17528
17499 18149
17520 18462
17522 18895
17535 18099
17558 18765
17562 18778
17577 18778
17582 18049
17600 18461
17600 18858
17600 17922
17629 18449
17646 18766
17661 18095
17664 19690
17724 18887
17731 18264
17757 18421
17777 17847
17815 18238
17815 17816
17816 17820
17816 17824
17816 18753
17816 17819
17824 18238
17824 19443
17848 18931
17868 18986
17869 18129
17869 18306
17893 19174
17911 19608
17918 18778
17925 18778
18009 19440
18041 18778
18043 18986
18053 18294
18074 18819
18080 18563
18099 18952
18099 18785
18108 18781
18109 19696
18115 19468
18123 18680
18138 18407
18145 18867
18208 19035
18221 18765
18242 18823
18255 18694
18266 18411
18315 19331
18320 19385
18367 18623
18370 19298
18380 19336
18387 19017
18411 18660
18437 18747
18453 19560
18488 18715
18514 18632
18519 18945
18545 18715
18572 18844
18618 18773
18630 18788
18688 18798
18694 18952
18715 19151
18733 18931
18765 19621
18773 19232
18778 19172
18780 19020
18786 18906
18797 18919
18826 19581
18856 18989
18856 18881
18867 19151
18867 18898
18895 19059
18924 19638
18973 18974
18996 19107
19010 19502
19020 19021
19474 19609
