5891 0
9201 2
15285 1
11335 2
2166 1
5563 2
17133 2
13457 2
6883 1
14865 2
2271 2
12757 1
10512 1
16019 2
15132 1
13353 1
17520 1
18285 0
14149 1
8387 2
12400 1
14165 2
19572 0
1282 2
2566 1
13297 0
13224 0
9463 1
15595 2
2922 2
13949 1
4894 2
436 2
18325 0
6784 1
2543 0
16089 2
5318 0
9978 1
113 1
7285 1
13115 1
8015 2
2548 1
9942 2
4879 1
5399 0
4924 0
13412 0
13218 2
2159 2
1823 2
13288 2
7465 2
14828 2
16026 1
389 1
14068 2
6626 2
477 1
4640 2
7671 2
4452 2
13421 0
6382 1
12964 0
18393 2
16501 1
14253 1
13838 0
7441 1
12189 2
11143 0
16231 0
9295 2
9139 1
12035 2
2314 2
15994 2
2616 1
17618 2
10164 2
13298 2
12973 1
18641 2
7507 1
15463 0
4523 2
9180 0
16415 1
2769 2
5432 0
5650 2
967 1
11707 1
18460 2
6285 0
4014 2
4865 1
8080 1
9961 2
7892 2
1073 2
5377 2
2030 2
16628 1
7003 1
15174 2
5421 1
13145 0
4066 2
19537 2
7130 0
16164 1
3090 0
1020 2
188 1
6493 1
1480 1
12363 0
1639 1
8949 1
17565 2
11640 1
7300 2
17661 1
18685 0
11081 0
19010 1
18973 1
4353 2
11269 2
15149 1
17737 2
2134 2
18715 1
19548 2
16593 1
14810 1
12272 0
1565 0
13759 1
6854 1
17342 1
1563 0
4701 1
9880 2
7274 2
9340 2
9784 1
19354 2
18258 1
9948 2
3328 0
8556 1
14597 2
17638 1
5499 1
16184 2
8000 2
6171 1
1569 2
1636 1
5999 2
5883 0
10585 2
3438 0
9223 2
2410 2
2250 2
9687 1
15395 2
16036 1
1547 1
11840 1
12229 0
16987 0
1472 1
12078 0
11518 2
626 1
8452 1
891 0
15382 1
13822 2
1904 1
3009 2
15869 2
7111 0
4065 2
15349 1
7885 1
1988 2
7945 1
18563 1
3030 2
16364 2
9621 2
2683 0
8294 1
13778 1
8234 0
18448 2
15265 1
18786 1
1276 1
3161 1
15159 1
19290 2
10232 0
2798 2
15582 2
3118 1
7820 0
2930 1
15848 1
15063 2
2126 0
11181 2
18125 1
15213 2
14031 0
13557 2
12120 1
16692 1
7021 2
6605 0
4895 1
16951 2
7650 1
16544 1
18878 1
13774 2
18033 2
18864 2
11415 0
15215 2
4592 1
12381 0
16077 2
6612 2
15234 0
5494 1
10987 0
6575 1
5440 2
8752 2
12965 2
7269 1
4986 0
14255 0
18519 1
4361 0
13254 2
5401 2
8047 1
6772 2
16279 0
5607 2
7412 1
14526 1
12730 2
4830 1
14467 0
17483 0
12294 0
19543 2
12906 2
14608 0
14932 2
15256 1
2118 1
10422 2
16662 2
1038 1
3295 2
12704 0
2514 2
6797 2
176 2
12089 1
7306 1
14515 1
120 1
9321 2
3653 1
12072 1
9770 0
649 1
11791 1
6424 1
3437 1
6860 0
19663 1
6031 1
11116 0
18887 1
16131 1
15589 1
10640 0
6272 2
15653 1
5895 1
12858 2
14661 0
17014 1
17282 1
19396 0
12425 0
785 1
11062 2
17424 1
12548 1
3175 0
10936 2
5109 1
18856 2
18294 2
900 0
1792 0
14273 2
12533 1
2266 2
13965 2
306 2
13923 1
9207 1
1377 1
22 2
2290 1
13207 1
7894 0
12098 2
15979 2
426 1
13839 0
16630 2
11828 2
8513 2
2372 1
8099 2
5420 1
3714 0
5535 2
13042 2
9964 2
17152 1
6878 0
14256 2
6156 2
10796 1
12080 2
8954 2
9220 2
10037 1
9199 2
8658 2
16100 1
8686 2
7459 0
17271 1
1797 1
2850 0
7204 2
17301 2
1804 1
13651 1
18456 0
8985 1
8199 1
3206 2
4449 1
2952 2
19321 1
10186 1
11212 1
10206 2
298 2
4849 1
12676 1
19172 2
18681 1
10862 1
16154 2
8262 0
14768 1
7883 1
18765 1
17850 2
15960 1
9662 1
5627 2
14096 1
8135 0
10818 0
5152 0
8965 0
10107 1
3880 2
3265 2
2195 2
5281 1
1983 2
3681 1
12314 2
18798 1
18764 1
7114 2
17116 1
12528 1
15004 1
2058 1
1067 1
3787 2
15227 1
3705 0
18797 1
2873 0
5720 1
2294 2
921 1
13252 1
7514 0
17431 1
12922 1
13058 0
6952 2
8459 1
5439 2
1487 1
18780 0
10791 2
14763 0
14238 1
7468 2
12052 2
18358 0
5858 1
12555 2
14769 0
13380 1
17482 0
10441 1
3463 2
1403 0
11868 1
16708 1
2651 0
15009 1
2903 2
14670 1
14627 1
4274 1
6613 0
13246 0
10597 2
2860 2
10267 1
5533 0
12518 1
16363 0
11512 1
7415 1
18049 1
2819 0
14779 1
6602 1
13532 2
13847 1
4950 1
14739 2
12249 1
13981 0
3553 2
1632 0
9512 2
9448 0
17381 2
18930 2
1538 2
14615 1
9953 0
17201 0
13679 0
18189 0
18392 1
2477 2
1852 1
18205 1
945 1
19148 2
11581 2
2307 0
17700 2
7940 0
7599 0
6407 1
19186 1
12193 0
6207 1
835 0
1732 1
11553 1
14688 0
18242 1
17886 1
16898 1
11681 2
1300 1
3944 1
15705 2
7786 1
2605 2
9138 1
16634 0
2781 1
19677 1
10476 1
4954 1
10642 0
10786 0
3100 1
24 2
14156 2
17555 2
14024 1
5460 2
5073 1
19405 1
12433 1
5276 1
6206 1
1842 2
1910 2
11687 1
10853 2
5836 2
18128 2
4461 2
2673 1
5179 2
10828 0
1433 1
2853 2
18198 1
11946 1
7286 2
9904 0
9605 1
8793 2
17629 0
2528 1
8146 0
3589 1
13161 1
16689 2
11548 2
2089 1
15986 1
7555 1
2658 2
4031 2
5629 2
7370 2
18078 1
13105 1
19169 1
5945 0
5273 1
7618 0
17086 0
13260 1
1174 0
4384 0
3146 1
12631 1
10290 2
18418 2
16707 2
3369 2
13267 1
7032 0
2382 2
6173 1
14530 0
8074 0
10967 2
7076 0
7967 1
15460 1
19443 2
