1459 2221
554 1859
559 34
1994 2097
1994 1800
523 910
523 2642
523 540
608 611
611 899
611 2230
611 2501
611 1103
611 2352
611 718
611 864
611 2505
611 1755
611 1763
611 2050
611 386
611 179
611 2540
611 2385
611 1668
611 28
611 633
611 579
611 1493
611 133
611 1116
611 1564
611 368
611 1488
611 2378
611 938
611 1265
611 1935
611 1499
611 2260
611 1315
611 2325
1534 1163
1534 1556
1534 1498
1537 1556
2527 2100
1560 2198
1560 535
1560 791
1560 1161
1560 456
747 234
747 724
747 72
747 579
747 696
1136 727
1136 1594
580 922
580 1212
1497 1163
1497 580
581 222
581 49
581 580
582 818
582 259
582 1792
582 1498
1498 2398
1498 1163
1498 2158
1498 1049
1498 1071
1498 1351
1498 2450
1498 1483
1512 1235
1512 949
1512 1087
1512 1267
1512 1608
344 1622
344 1
344 2609
344 335
344 1881
344 2339
344 2441
344 963
344 316
344 1445
344 1312
344 1627
344 2032
344 2171
344 1267
344 2290
344 2291
344 1260
344 348
344 1244
344 675
344 2426
344 1007
569 1092
569 1522
1484 1057
1484 1220
1484 1092
1484 1522
576 863
576 2552
2499 863
1123 541
1123 1483
1126 580
1215 580
1215 1707
347 84
1241 912
1241 84
1322 1622
426 29
426 1528
2338 1024
2338 2677
2338 2127
2338 1986
1329 2127
1329 1049
1329 1071
1329 1986
1329 1020
427 2295
427 2453
427 1760
427 1284
427 406
427 946
427 696
430 2487
430 2593
430 1637
430 683
430 2033
430 1165
430 1792
430 2197
430 223
430 1020
430 524
430 381
430 1284
430 651
430 1207
430 2343
430 547
430 1568
430 2557
430 208
430 686
430 177
430 119
430 52
430 236
1337 944
1337 2343
1339 434
1339 2677
438 616
289 1498
74 1220
74 252
1269 1260
75 288
1854 2482
84 12
84 715
84 998
84 155
84 347
84 27
84 950
84 1803
84 1347
2378 611
1935 611
1366 2239
2368 2642
562 252
565 910
565 34
565 1546
565 1859
565 2642
566 34
566 2221
566 321
2583 2310
2585 1809
686 44
686 430
2597 2256
1643 868
1649 868
318 2310
1287 945
1287 976
1287 1414
1287 1437
1287 1397
1287 499
1288 1091
1288 1414
1288 499
1288 107
1288 108
420 10
420 2590
420 519
420 439
519 510
2421 1829
2426 1919
1428 1622
1428 2079
1608 1220
122 2400
124 2400
1916 2400
127 2400
1282 1446
828 1422
1823 2487
1823 2580
136 2399
136 2543
136 2635
1961 2100
247 500
247 2446
247 563
247 982
247 1117
2089 357
2089 1965
2082 2545
2082 2178
635 651
635 430
635 208
635 177
640 635
640 287
640 459
640 1363
640 549
640 1897
640 2475
640 20
640 732
640 591
640 574
640 130
640 199
640 2054
478 215
453 2034
459 267
459 1705
459 130
667 2270
1592 1293
1600 1293
1600 946
672 1293
1606 2381
1606 1293
910 1673
910 1131
910 1432
910 1590
910 1253
910 982
910 1311
910 966
910 1221
910 902
910 1117
193 420
3 463
501 174
503 174
503 1851
2409 174
35 34
40 761
1016 943
1016 1070
1016 856
1016 1729
1016 1305
1016 727
1016 1670
1016 728
1636 928
1389 821
114 171
539 1210
539 541
1453 1210
2559 841
1285 968
1293 2284
411 512
41 725
256 928
256 430
2192 177
835 1248
2187 2314
2187 2321
1312 1622
1312 1260
558 2034
642 697
1574 1017
1574 484
1198 1296
1198 859
1198 517
1198 418
1198 1170
1198 1683
1859 548
1859 1791
1003 2028
2380 215
2380 288
2408 2145
2220 2478
2220 2139
2220 2600
2220 1409
2220 2563
2220 2226
2220 1940
2220 2252
2220 1950
2226 2478
2226 2139
486 285
1644 2614
2614 986
2614 2484
2061 215
464 467
464 573
688 252
688 835
1290 1226
1290 1191
2707 2344
157 1452
160 125
1283 1284
1284 1055
1284 1169
1079 1009
1079 611
1112 1512
2090 1260
230 1284
230 406
319 29
319 1273
1191 692
1191 1053
625 700
627 1057
2543 2440
2543 2409
2543 1479
2543 1776
2543 2674
631 1057
1019 853
1019 906
1019 926
1019 927
1019 1256
1019 1290
1540 1443
621 1859
2666 2453
63 1546
1954 2183
1954 321
2361 139
1593 1116
1593 1288
1170 517
1359 1057
14 242
1910 2375
1910 2488
399 1250
1425 525
613 616
15 234
15 701
15 152
15 399
15 253
15 538
15 322
15 80
2015 2034
593 300
593 594
1305 1274
1305 1740
1305 1575
1305 1098
809 919
125 394
125 1857
1431 1181
1431 1412
1431 861
761 535
761 40
2307 406
406 311
540 603
540 1121
540 1640
1116 708
1116 31
1116 736
1116 1593
2423 1191
1422 550
1422 1657
1422 1273
1422 1223
1422 1237
2428 44
2430 1860
2215 344
2346 1967
788 1414
759 95
759 99
759 292
759 23
1006 242
285 231
285 1148
1569 1721
1569 430
1569 208
634 430
1527 2524
1527 2221
1527 2166
1527 909
2612 724
2612 1903
2612 2625
2612 26
727 1799
846 781
654 1260
661 1191
1586 1388
1702 1199
1702 1161
2123 2482
803 357
208 2343
1267 1500
1541 1395
2665 2395
1894 2144
1894 2524
1894 909
2175 1009
2175 1719
2175 120
1184 781
1184 1784
1184 120
1377 313
1377 1642
1377 288
965 1673
965 1432
965 1590
965 1253
965 966
965 177
966 1673
2334 1588
2334 1917
2334 2332
2334 2103
2334 1832
2334 1836
2334 209
2334 1790
2334 2353
2334 602
2149 1955
120 1959
2397 2405
712 2664
712 1965
849 1720
177 885
177 1489
177 1959
675 2339
1452 560
1025 1388
1257 1719
2261 1719
1271 236
1528 1487
1528 151
1250 399
1250 1251
2260 2501
574 242
574 1827
1654 852
1307 1057
2647 2430
1007 1919
2395 2665
1129 919
573 270
573 464
2596 2686
1764 1938
1765 1938
1770 1938
1770 1765
30 285
2091 1944
2091 585
447 630
447 1501
808 863
1853 1861
1268 976
1268 1414
719 611
824 1707
825 1707
1775 2082
1793 2082
1795 2082
1483 857
1483 2052
1483 2060
902 910
902 965
1896 1851
1333 1708
1153 1219
1153 1410
1153 1077
1153 1113
1539 2091
2030 2077
2635 2231
696 215
696 1672
696 579
969 954
684 525
1047 603
1911 1719
934 940
934 1009
1640 603
2179 2183
2179 321
728 243
728 943
728 1305
1106 1305
243 357
2398 2399
614 615
2079 2609
630 408
630 447
659 625
912 1149
2270 2043
504 702
164 517
1618 1220
1618 2343
2604 1631
2604 2330
2055 2352
2459 553
687 2381
725 48
1313 1623
1313 1655
100 1611
100 265
100 758
275 464
279 464
2071 1809
1292 1085
1292 1071
1719 2363
1719 1216
1728 1536
1728 1474
1728 1249
1728 1775
911 177
1409 958
1409 2220
379 756
379 176
2221 1757
1546 1376
1781 2663
2275 2191
123 553
883 1210
1827 2110
537 357
537 606
537 1204
1578 1622
2254 2347
2265 2347
307 598
524 1454
38 372
771 72
2126 2339
2166 2524
2166 2167
2166 971
2166 776
432 598
639 1763
639 584
281 460
1252 830
188 139
188 120
189 2664
189 188
189 42
189 395
189 2102
838 1458
2046 616
417 317
417 508
541 183
1533 781
1996 1997
2190 2149
2194 2149
28 586
460 148
1967 695
2449 1881
2449 2158
2449 2450
2438 2091
743 2077
744 2077
1414 945
1461 1288
1139 1572
1294 915
72 771
72 202
989 1418
1572 1598
522 525
1427 525
2490 1807
1542 801
2482 2645
1169 1454
1563 357
1446 948
1005 1313
2252 2277
1216 1299
1218 1299
1218 1424
2037 288
288 2157
1619 1614
917 850
1015 852
299 596
299 1827
299 2110
380 1784
1536 1518
880 815
2298 2518
1424 1799
1821 1801
1821 834
1784 2688
1784 2705
1784 55
1784 2199
1034 1730
2643 2646
2646 2643
972 953
2102 2664
2621 2105
1817 2464
2552 2026
2661 2375
101 2686
916 2686
714 1299
1392 1299
1530 1424
1798 2120
1134 1264
1134 2281
273 372
2239 587
2239 2507
2239 2513
2239 2413
2239 2414
2373 2507
2503 2358
1511 1357
2088 2524
260 2524
260 2166
2191 362
571 2694
2495 2694
1762 2694
1211 1247
1884 1886
1884 1902
1885 1884
