292 3
614 4
909 3
2143 0
2453 2
1009 5
651 0
2503 0
1422 0
1001 6
976 3
2642 0
850 3
2256 0
968 0
1994 3
725 3
2381 0
2220 5
2430 2
285 6
958 5
1210 6
821 0
781 5
2191 0
1427 3
252 2
2139 5
2614 6
1287 3
1163 6
761 4
2338 6
598 1
2694 4
1614 3
1851 0
1594 5
1518 5
2344 0
2295 5
1299 5
841 3
215 6
1088 0
430 4
1284 0
2310 6
2221 3
275 3
2543 3
579 0
593 6
1763 0
849 1
139 5
2635 6
1997 0
1884 0
2464 3
510 3
1760 0
1085 1
242 4
696 0
1092 4
625 0
537 5
1622 1
2209 2
72 0
174 0
1219 5
2334 5
1861 4
1377 6
2028 4
1784 5
580 6
724 0
