3125 2
10530 1
13496 2
13073 2
2369 1
14094 2
2680 2
5255 1
9692 2
12597 2
3813 2
11136 0
18208 2
14191 2
16088 1
15738 0
525 2
2862 0
11592 2
11558 2
12393 2
14367 2
17623 0
6754 1
4820 0
16680 0
8772 1
3292 0
19651 1
11481 0
16428 2
15453 0
2642 1
12005 0
4205 1
8456 1
18671 2
18397 1
6842 0
9164 0
18431 0
4598 2
19307 2
2606 1
5556 0
11570 1
8250 1
6464 1
4499 1
12833 1
17183 0
3583 1
18140 1
9234 2
3912 1
8116 0
18623 1
14038 2
18994 1
12063 2
3072 1
18228 2
14311 1
9466 0
8425 2
885 1
3248 1
5738 0
16096 2
10242 2
18876 2
18302 0
13370 2
14777 2
18055 0
5469 2
19110 2
12894 0
10078 2
5863 1
17858 2
14750 1
4315 1
2540 0
16833 1
11957 2
2200 2
2198 0
2279 1
16835 2
762 1
14348 1
8373 2
3241 2
8427 2
13057 1
10035 1
17333 2
162 2
18323 2
18926 1
1839 1
6892 2
9012 1
7094 2
16943 2
3514 2
19351 2
9713 1
15375 1
2802 1
16176 1
2205 0
7194 1
11852 0
9243 2
8637 1
6907 0
13031 2
8539 1
19297 2
7681 2
18373 1
4715 2
8361 1
6283 1
14741 2
5803 0
17386 1
8584 0
18297 0
11981 0
17683 1
1508 0
15366 1
2191 0
18287 1
5835 2
8669 1
17828 2
16778 2
9486 0
15026 2
13730 2
2351 1
14122 1
15713 2
13310 0
7309 1
3770 2
16258 2
15529 1
7100 2
2431 2
11507 2
342 2
9925 0
11362 2
18893 0
1004 0
11675 0
17819 2
5353 2
3592 2
15171 1
16259 2
18371 0
9712 2
8362 2
6604 1
17053 2
9905 0
7713 0
17589 2
12023 1
8507 2
16614 1
2070 2
18961 2
15619 2
1830 0
17522 2
18173 2
2961 0
10617 0
13467 2
16426 1
11297 1
18952 0
995 1
14747 1
13570 1
766 1
8757 0
1502 1
8200 0
16659 1
15854 0
12502 2
2267 0
19623 1
16186 1
5672 1
3074 2
9756 0
5906 1
11943 1
2090 1
1427 2
12077 0
11846 1
13895 2
200 2
341 2
999 1
12890 1
2785 2
4702 2
13737 2
3571 2
17218 2
17417 2
8920 0
7295 2
17027 0
8973 0
18849 2
2201 1
6032 2
11452 2
361 2
214 1
3185 0
1278 2
8238 2
423 1
12171 1
3975 0
664 1
13354 1
5382 0
13179 2
18582 0
16717 1
14914 2
6964 2
4534 2
8413 1
13393 1
10757 1
4078 2
12453 2
10707 2
14383 2
14084 2
413 0
11014 0
10531 1
16557 0
11163 2
11105 1
17835 0
3552 1
4652 2
16711 2
9292 0
5697 1
6105 1
12541 2
9878 2
12711 1
13726 2
16729 2
11963 1
974 1
709 2
10359 2
9549 0
5479 2
19283 1
18970 2
17783 2
9882 1
10229 1
19204 2
14426 1
15101 2
17859 2
4446 1
6929 0
978 2
15271 1
17640 2
12016 2
2328 1
17021 0
9354 1
15712 1
6625 1
11953 2
9629 1
14158 1
10170 2
10127 0
10389 0
12147 2
2401 0
13763 1
17273 0
19023 0
6915 1
11841 0
12421 2
1050 2
14900 1
6255 1
7107 0
18923 2
16195 2
19555 2
5468 2
6454 0
1071 1
2325 2
11010 2
2377 2
9540 1
7140 1
16549 2
7057 1
6776 2
10346 2
14748 0
5547 1
5188 0
17789 1
15242 2
12569 1
3551 1
13899 2
4907 2
8274 0
12244 1
10623 1
3725 1
4628 2
7223 2
10434 1
3288 1
11122 2
8480 0
11996 2
4680 1
3851 1
16045 0
13707 2
8010 2
4012 2
4736 2
13627 2
4294 1
4683 2
10727 1
14342 2
57 0
3972 2
16600 1
15386 0
2295 0
18708 0
15634 2
13340 1
17040 1
11360 2
18974 1
17809 2
5514 1
17270 0
15096 1
9159 2
12126 1
8696 0
5185 2
17494 2
7466 1
9826 1
9769 1
5449 2
9543 0
3068 2
449 0
4623 1
18858 1
16494 1
2106 1
3371 2
12230 2
14603 1
17514 2
13682 2
16815 0
3154 2
3774 0
10046 0
14300 1
17838 2
15509 1
1155 1
316 2
14710 1
11983 1
9814 2
4084 1
4589 1
11192 0
7104 1
7234 0
5788 0
7765 1
8394 1
3903 2
5310 2
14332 2
16397 2
11020 1
15548 2
5935 1
3655 1
5631 1
16801 0
1441 1
872 1
19128 1
19369 2
17935 0
18775 1
6928 1
12018 1
522 1
1035 1
1511 0
9328 2
16357 2
17776 0
17536 0
17215 2
7069 2
14549 2
6219 2
5595 2
11016 1
7289 2
12049 0
8927 0
18573 1
18057 0
1646 2
1756 1
7401 1
11758 2
7750 1
14216 1
1916 2
3694 1
2639 2
7774 2
10128 2
17744 2
19017 1
19375 0
8203 0
7307 0
1770 2
5664 2
14211 2
19501 1
17660 2
6321 1
8024 2
14532 1
849 2
14723 0
10644 1
12901 2
13541 1
7621 1
18753 2
12258 0
9003 2
14854 0
16189 2
14550 2
15571 1
801 1
10825 1
595 0
6976 2
18116 1
18070 1
12907 1
5734 2
12891 2
19468 1
192 2
10582 1
18966 2
14334 2
15588 0
14423 1
11702 0
2132 2
18440 1
9216 1
11142 1
1958 0
830 2
2917 0
18347 2
5896 2
19073 0
4793 1
4092 2
279 1
19260 0
11204 2
19381 1
2945 1
11498 1
9109 0
4311 0
4109 2
7978 1
5325 1
14283 2
8105 1
2257 1
9000 2
8972 1
15624 2
6162 1
15142 1
16891 1
636 0
3337 2
5023 2
767 2
10178 1
7956 1
19692 1
12076 2
1975 1
5158 1
19 2
1591 2
18527 2
9683 0
18313 2
4273 2
19387 2
302 1
16677 1
18434 1
19452 1
15755 2
10439 1
5173 2
9365 2
1592 1
10180 2
18512 2
14392 2
18983 0
10846 1
18135 0
14965 2
6569 2
4072 0
4226 2
9325 1
7664 0
14837 2
3208 2
4107 1
516 0
3968 1
4485 2
11353 0
3848 2
5410 1
2742 2
16850 1
18571 2
13677 1
16109 0
3936 1
15129 1
7740 1
18353 0
15356 0
7323 1
14955 2
8781 1
9643 1
16887 1
18194 0
16127 2
8017 2
5052 0
10610 2
14233 1
1363 1
5815 0
1759 1
4932 1
8727 1
11971 1
17118 2
5539 2
17665 0
5282 0
2227 2
5375 1
3238 2
7971 1
9011 2
5373 1
2549 1
2572 0
16982 2
15809 2
14505 2
3446 2
2355 2
1626 1
10490 0
10224 1
2306 2
3384 2
2841 0
8065 0
5472 1
9582 0
19122 0
15289 1
2923 0
2499 2
7796 0
8540 2
6017 1
6351 1
19287 2
5531 1
19639 1
14499 0
19034 2
3473 2
2998 0
4016 1
3170 1
11585 0
10449 2
9102 2
16498 2
10691 1
14898 0
13344 0
1796 1
13108 0
5553 1
15502 1
12517 1
8784 2
17602 0
13329 2
18632 2
2178 2
10158 0
9516 1
9194 2
6135 0
7792 2
15377 1
16197 0
6196 2
1091 1
18885 2
19293 2
8488 1
13880 0
5695 2
17535 2
10064 2
16862 0
1979 2
12477 1
14752 2
4138 2
12741 0
933 2
16979 1
9792 2
3590 2
10959 0
583 0
5663 0
226 2
15072 1
8904 2
5618 1
16527 1
14313 1
5356 2
12744 2
14102 1
6701 1
3695 2
2926 2
1735 1
5098 1
5155 1
15494 1
7693 0
2482 0
15937 2
3786 0
13956 2
8676 2
11701 1
320 2
7594 2
6918 1
1421 1
7222 2
15970 2
6945 0
13929 1
1779 2
11057 2
2162 1
18249 2
18521 0
2354 2
11186 1
15211 1
19333 2
1580 2
7691 2
16437 0
13910 1
14240 1
10557 2
17639 2
8137 0
4027 2
3266 0
14830 1
10601 2
6379 1
2429 0
13967 1
2190 2
10012 1
4390 0
14142 1
17887 2
300 1
10689 1
9613 1
5874 2
14206 1
7947 0
1216 0
6724 2
14847 1
14329 1
16321 2
18000 2
3267 1
8397 1
12496 2
12190 2
4431 0
14267 0
3531 1
4827 1
10543 0
16672 1
12380 0
4240 1
15325 1
9147 0
19147 1
8906 2
13425 0
883 1
13101 0
1118 1
6901 2
13538 2
16896 0
4163 2
13576 2
3445 1
7246 2
4567 2
8758 1
10364 2
11236 2
9863 1
16772 1
9996 2
12723 2
17645 1
10980 1
16078 1
5763 1
6008 0
4805 1
6849 2
17065 1
16510 2
9368 2
15194 2
15104 0
14303 2
7275 2
15178 0
1163 0
5404 2
15339 1
16031 2
19673 1
13825 2
13674 0
9248 0
17377 0
7827 1
2213 1
11564 0
5327 1
7112 2
11902 2
14043 0
13203 0
13158 1
18540 1
5225 1
3763 1
3311 2
12621 2
4837 1
2956 1
6632 0
16095 0
17485 2
12682 2
19432 1
3640 1
16715 0
4783 2
2901 1
14471 1
5933 1
19597 0
6000 2
18825 1
3680 2
5758 1
1891 2
5088 2
6340 2
10726 1
5540 0
15217 0
1754 1
6338 1
16567 1
7380 1
14923 0
9866 1
7247 1
2532 1
7712 2
2660 2
14975 1
17968 2
6215 0
12513 0
3440 1
13202 2
2333 0
2383 0
8887 2
13422 2
11501 2
16856 2
5937 2
19520 1
4818 0
11521 1
794 1
10033 1
7178 0
14910 1
8415 1
6631 1
4318 1
7969 1
11265 2
4752 2
1169 2
7660 2
17649 2
8443 2
1695 2
6869 2
2557 0
8433 0
17934 2
1100 1
16482 2
16560 0
7281 1
3693 2
17875 2
172 1
7343 2
7699 0
13592 2
13955 2
14576 2
6988 2
6282 2
9509 2
19554 2
9921 1
9850 1
17511 0
79 0
2417 1
12759 1
11678 0
7959 2
16775 0
16484 0
11579 0
12718 1
10607 1
6931 2
17940 2
9532 2
6765 1
19075 2
372 0
17039 1
4694 1
7017 2
5523 0
7315 2
19142 1
12413 0
14263 1
2958 1
5974 1
11400 2
7997 0
8181 1
6541 2
19430 1
2809 2
7386 1
3929 2
7101 1
16617 2
2522 2
13885 0
8744 1
5543 2
15383 1
515 2
16619 2
17399 1
15064 0
7372 2
19003 1
15179 0
11263 0
1956 0
7669 1
1438 2
9802 1
17188 2
7581 0
7848 2
7670 1
2808 2
6737 1
2932 1
4656 1
8479 1
6252 1
19461 2
19607 2
4912 1
12441 2
3253 0
3722 1
16057 1
13349 2
11534 1
12239 2
17820 2
83 2
17002 1
17808 0
11924 1
635 1
9115 1
16232 2
718 1
17265 0
134 1
5911 2
623 0
9649 1
16167 0
10266 0
6052 1
7953 2
11752 0
14021 1
16098 1
6133 2
5576 1
10829 0
7290 2
19431 1
1513 0
4320 2
14182 0
8339 2
930 2
16282 2
6076 2
8182 2
17965 1
18628 2
16605 0
919 1
5102 2
15305 1
1808 1
1018 1
13625 2
10000 1
11495 2
18379 0
4350 2
18042 0
10509 0
19322 2
18673 2
8817 1
12377 1
7715 2
3980 0
10433 1
13831 0
10573 2
11929 1
1338 1
5298 1
1134 0
8431 1
8326 0
890 1
13672 1
854 2
10539 2
10488 1
5845 2
8791 1
15287 2
6779 2
1915 0
10387 2
15422 1
632 0
7009 2
12198 2
1339 1
6734 2
17148 2
11410 0
15459 1
15327 0
7187 1
8865 1
19478 0
13840 0
17131 2
12589 1
18543 1
8123 1
4435 1
13059 1
6310 2
19440 1
11794 1
18892 1
18221 1
2331 1
3441 2
798 1
5670 0
2457 2
17374 1
14338 1
8724 2
9521 0
15426 0
7565 1
1393 0
5129 2
16716 1
443 2
11825 1
18752 2
18467 0
17017 1
17797 1
17902 0
2813 0
9694 0
13984 1
7739 2
7483 2
10277 2
18620 0
12082 1
3987 1
12304 2
8169 2
5017 2
1182 1
16234 2
13416 1
17615 2
17674 2
1316 1
15639 2
16612 1
3924 2
3748 2
5193 0
18076 1
495 0
10322 1
17575 2
7073 1
10690 2
3981 1
1292 2
5669 1
7578 1
14677 2
4373 1
16761 0
15075 1
12792 0
16745 1
4710 2
5008 1
6075 2
3046 1
9564 2
16580 0
6108 2
8913 2
12766 2
2568 0
10204 1
8195 2
2112 0
2123 1
19104 2
8948 0
12669 1
17608 2
3467 2
12800 1
3471 2
13290 1
9259 1
14676 0
6420 2
10729 1
16384 1
18130 2
9899 1
17119 1
14559 0
95 0
1503 1
14751 1
3439 1
6142 2
19251 2
2695 2
4751 0
17100 2
7088 2
19208 0
7391 1
15330 1
11787 0
17011 1
9651 1
14773 2
696 1
18806 0
12902 2
10251 0
17593 1
11844 1
12155 1
17554 1
13842 2
7197 2
9211 1
16648 1
9566 2
8060 1
9725 1
9548 1
9068 1
11193 0
1257 1
19472 2
17636 2
17599 2
16741 2
12131 2
7955 2
18554 1
15513 1
7325 0
7561 0
1700 0
3901 2
9934 2
2593 2
15814 2
1965 2
8098 2
18382 1
16688 2
10165 1
13401 2
2899 1
9510 2
4614 0
14297 2
805 2
5550 2
2404 0
14055 1
2782 2
17868 1
14859 1
18272 1
13165 0
12557 1
7366 0
7432 2
2408 2
17056 2
17950 0
1456 1
17993 2
16343 1
4845 1
16472 0
18624 0
3839 2
17598 2
2059 0
6627 1
4003 1
2039 1
17181 2
14891 2
7006 2
654 1
1869 2
2446 1
19714 2
16425 1
1295 1
13717 2
1110 1
15450 1
17268 1
14729 2
10141 0
3753 0
18900 1
10415 2
4277 2
12929 1
15260 1
2277 2
18229 1
10011 1
12749 0
6300 0
10193 1
4013 2
17567 0
12648 0
3620 2
7121 0
8468 0
3547 1
7639 2
17830 1
6408 1
15818 1
12494 1
1218 1
3595 0
11812 2
12880 1
9330 1
16458 2
3049 0
2754 1
4851 0
12208 0
7598 1
18168 2
14473 2
1055 1
4086 2
8168 2
6448 1
14704 2
8247 2
1199 2
5019 2
7035 1
13415 2
4670 2
8497 2
18981 2
10908 2
1184 2
9067 0
15551 0
1742 2
17627 1
17619 0
1170 2
9209 0
14846 2
19338 1
4608 2
7458 1
11397 1
11994 0
11165 2
18463 0
11385 2
1746 2
16989 2
13512 2
14978 2
9571 0
19089 1
13588 1
13966 0
800 1
7909 1
13374 0
6427 2
8446 2
18344 0
14876 2
6521 2
943 0
4229 2
4173 2
10519 1
16632 2
5666 2
13609 2
5461 0
6099 2
12418 2
9257 1
17275 2
5183 1
1028 2
1788 0
14436 1
18390 1
17095 0
15610 0
9371 0
11491 2
3281 1
10177 1
17810 1
3530 2
13742 0
4744 2
8671 1
5419 0
17043 2
10367 2
7038 2
19713 0
13794 1
93 2
13735 2
12943 1
10500 2
16360 2
18663 2
8573 1
1875 1
5036 1
906 2
4882 1
13937 1
1269 1
2414 1
6123 2
10215 1
10250 2
8955 1
4050 1
12599 1
13357 1
17572 2
11337 0
1991 2
16597 1
7335 2
18903 2
6761 2
1967 1
19641 2
13316 1
5079 2
5861 1
15702 1
9550 2
3816 0
9298 1
12300 2
3247 1
14376 2
18574 0
16105 2
1167 2
15473 2
12768 1
5370 0
16027 0
14990 2
18192 1
16771 0
14740 1
10264 1
12457 1
1327 0
7850 1
5013 1
18690 1
6050 2
18979 2
8009 1
9974 2
17361 1
11492 1
14171 2
2438 1
17332 2
1599 1
4613 1
18322 1
4148 2
17045 2
15949 2
9494 1
13112 2
1930 2
7675 1
18570 1
13492 2
17815 2
4945 2
16497 1
2262 2
4489 0
8292 2
1652 1
16090 2
839 1
15361 2
10160 2
2133 0
5662 1
11899 0
8643 1
16554 1
10236 1
16752 2
13675 2
1285 1
10807 0
15976 2
8689 2
12895 2
9227 1
16329 1
11523 0
16139 2
19056 2
16365 2
11995 1
17824 2
6573 1
8729 1
17097 0
14266 2
7216 1
1698 0
4867 2
11514 2
10436 2
18062 2
12606 1
4407 1
2276 2
10114 1
9218 0
18013 0
2620 2
13441 0
8903 2
7543 0
14282 2
912 1
917 2
9804 2
7042 2
3919 2
10976 1
16178 1
13683 2
14792 0
10618 2
15093 2
16777 0
8789 1
12420 1
16103 1
6552 2
12295 2
11785 0
8882 1
18492 1
4281 1
11207 2
12216 0
7241 2
7128 2
1479 2
3304 1
1248 0
4497 0
9007 1
3246 1
11935 2
11013 2
193 1
1570 2
18126 2
12232 2
9514 2
19602 0
18254 2
2148 2
12924 1
16311 1
16320 2
7828 2
7467 1
15420 1
18967 0
4238 1
14469 1
5257 2
9043 2
9853 1
16236 0
11012 0
2280 0
6750 2
7695 0
8396 2
1478 1
3798 1
14071 2
13568 1
8558 2
4787 0
703 2
8229 1
14587 1
14724 2
18248 2
6271 2
17693 0
10382 0
6158 2
14757 2
6291 0
330 2
9561 2
5833 0
14542 0
14664 2
6816 1
14595 2
11090 2
619 0
15164 1
2966 1
14804 1
8084 2
13953 0
13533 2
1608 2
2443 1
3301 1
11198 1
11799 2
14589 1
6174 1
1588 1
4807 1
13193 2
434 1
16713 2
15084 0
10630 1
712 1
11173 0
2859 2
18773 2
2034 2
15381 1
8111 2
15517 1
881 2
12692 2
10192 2
15037 2
18462 1
13764 1
10840 2
14803 0
19051 0
19517 2
7070 1
14806 1
1237 2
10152 2
6199 1
19334 2
14514 2
4994 0
15536 2
16281 0
18020 1
11283 0
4550 2
5177 1
7127 1
19066 1
1469 1
15680 1
5839 0
14855 0
11979 1
4970 1
12000 2
3809 2
198 2
6944 2
7571 1
14660 0
17899 2
10291 1
15671 2
14856 0
2302 0
8526 1
472 2
13273 2
3878 0
14851 1
16860 2
6060 1
18795 0
8931 1
9661 0
13788 2
8126 2
3027 1
560 2
8541 2
869 0
3533 0
19254 0
4742 2
862 2
3534 0
15303 1
7755 2
8309 2
10719 1
4559 1
3026 0
16422 1
6213 1
14771 2
7656 2
18400 0
17732 2
87 2
5476 1
10552 1
12291 2
12096 1
19508 0
6958 1
980 1
1980 2
17949 1
19229 1
6247 1
4532 1
307 1
2479 2
10190 0
15202 1
7779 2
12339 1
11166 2
2056 2
12469 1
8336 1
18917 2
11654 0
14483 1
637 1
15756 0
1075 0
1141 2
8934 1
16788 1
5001 2
11249 2
15981 1
10632 1
4472 0
18555 1
2183 0
12817 2
3284 1
9888 1
13097 1
18897 1
9149 1
5992 1
13537 0
5960 2
2316 1
15322 0
3828 2
929 2
8398 1
5171 1
13471 1
8886 2
7280 0
11058 2
4176 2
17495 2
6759 1
17547 2
18767 0
10272 2
18361 1
7643 2
15688 2
12677 2
5878 1
3048 1
19055 1
5536 1
15917 2
14672 1
11099 0
13408 2
14727 2
1818 2
1188 0
19418 0
13893 1
19566 2
9419 1
16864 0
4905 1
5164 2
8322 2
19185 1
12430 0
12442 0
17047 1
6243 2
4019 0
18265 1
8426 2
16255 2
1768 2
9336 0
10031 2
11115 2
9161 0
4558 1
6712 1
5424 1
5047 2
380 1
10258 1
7367 2
5924 1
832 1
4228 2
5730 2
14107 2
13701 2
18119 1
7484 1
13798 2
7640 2
13972 2
2603 2
39 2
12265 0
13914 1
19491 1
11595 2
3557 2
5467 0
16740 1
13945 1
8782 0
7819 1
17561 0
10743 2
5269 2
191 1
5235 2
9960 0
7395 0
164 1
13957 0
17628 1
19411 0
15823 2
15273 1
11889 1
12705 2
3713 1
11004 2
7607 1
15275 1
15323 2
9740 1
185 1
5841 1
16594 1
2378 2
8175 2
8493 1
17669 0
8302 1
19320 1
9361 1
15144 2
1755 0
6461 2
11865 2
18455 0
18354 1
2697 2
8826 1
8332 2
14197 2
12440 1
4546 2
18837 1
13028 2
11050 2
18987 1
4947 2
8001 2
8677 0
10471 0
1321 0
13848 1
7936 2
11426 0
11369 2
7463 2
16102 0
18008 1
15025 2
17151 1
6543 0
3715 2
4825 1
14841 1
3700 2
1336 1
19190 2
8723 1
13063 2
182 1
11705 0
13903 2
6515 0
6568 1
11809 1
12777 1
17773 0
11159 1
4137 1
2411 2
7564 1
13205 1
12372 2
5913 2
2993 1
9779 1
4064 0
6381 1
10375 2
3419 1
2107 1
323 0
19371 2
7278 2
9871 0
1434 1
17328 1
1355 2
15677 2
17991 1
4578 1
11430 1
11072 1
11218 1
6043 1
19422 1
1684 0
14271 0
13341 2
10087 1
651 1
16479 2
10356 2
3499 1
4713 1
2894 0
18001 1
3676 2
9366 2
10975 2
12876 1
992 1
8926 2
17740 2
2464 1
8668 2
7209 0
4776 1
9339 0
12914 1
18346 1
18341 2
3214 1
19357 0
15475 1
10259 1
4479 1
9439 2
148 2
15391 2
5808 2
2389 2
18627 2
6492 0
14624 1
7627 0
16038 0
13061 2
187 2
8649 2
5059 1
5386 0
8856 2
15779 1
16483 2
6908 0
10347 0
19619 1
5490 1
3619 0
10396 2
13102 0
5383 1
2407 2
5143 1
13364 2
7692 1
16315 2
17372 0
6249 2
10406 2
15233 0
16476 2
15602 2
12064 2
12512 1
3305 1
11253 0
8313 2
11622 0
3051 1
18235 0
6655 0
1228 1
19028 1
16242 0
8736 0
2531 0
11051 2
15520 1
11810 2
616 1
11440 2
11611 2
17251 0
10884 1
1995 1
17656 0
12445 1
9183 2
10660 2
10015 1
7605 0
18553 0
15357 1
14730 1
15570 1
1043 2
16023 0
17068 0
11729 2
10653 0
16814 2
5683 2
18522 1
3664 1
156 2
16180 2
11680 2
15413 1
11913 1
9983 1
2504 1
6236 2
1201 0
3934 1
6370 2
6344 2
4237 2
5940 1
2091 2
10026 2
12786 0
76 2
11262 1
7990 2
10753 2
550 0
10334 1
811 1
15853 1
17595 2
15857 1
18998 1
14887 1
4918 2
11922 0
9289 1
8131 1
13465 2
11567 2
6063 2
11238 0
13385 2
5956 1
11766 1
3649 0
3623 2
19121 1
2489 1
6286 0
16910 0
17583 2
10981 2
771 1
10093 2
1568 1
5907 2
15479 1
8661 0
18040 2
7098 1
6730 2
17918 2
18430 1
13199 2
14509 1
15975 0
9303 2
11854 2
5241 0
15936 2
6288 1
1883 0
9719 0
12075 0
18717 2
4490 2
10310 0
16394 2
13973 2
4829 1
7993 0
7304 1
12523 1
7352 1
3877 2
11 2
10917 2
17125 2
13056 1
2143 2
18372 1
17059 1
10429 2
9196 1
19280 2
4735 1
19644 0
2052 2
4493 2
1217 1
702 2
7480 0
16841 1
1077 1
13368 1
8713 2
2057 1
2362 1
17947 1
2047 0
11860 1
1474 2
18598 1
6959 1
12366 1
4299 0
7726 1
8650 1
9405 1
16742 1
8847 2
4553 1
9387 2
4164 1
10321 1
955 1
8582 0
4914 1
15704 2
4496 2
10852 2
12591 1
9402 2
10663 0
10297 1
19163 2
5787 2
10052 1
6120 2
7049 1
16682 1
8311 2
16548 0
15828 2
241 1
10790 1
252 0
1096 1
4548 2
5548 1
13748 1
12537 2
1521 2
1466 2
3232 1
11836 2
3546 2
18083 0
15314 1
4437 2
7888 1
10667 0
2950 1
9461 2
4972 2
15485 0
17545 1
11278 2
1079 0
4380 1
9166 0
15201 0
9029 0
12213 0
17663 2
16003 2
9626 1
17362 1
6993 0
7872 0
6193 0
5736 2
9527 2
9191 1
19570 1
12693 0
14944 1
606 2
6023 2
4759 2
18875 0
19382 1
9167 2
412 2
19018 1
1313 1
1156 1
10072 2
17936 1
10890 2
7054 1
16877 2
12567 2
16533 0
6610 1
7154 2
12740 1
11298 1
7340 2
19455 1
10614 2
2336 2
523 2
9305 1
248 0
5673 2
3910 2
6838 2
12778 1
5700 0
4543 2
8990 1
579 2
4195 1
2246 1
5103 2
6596 2
17746 2
8597 1
13157 1
8613 0
15135 1
8910 0
14061 1
17880 1
17436 2
11459 2
2973 1
15291 1
9900 0
10878 2
8678 2
18133 0
15662 0
8796 2
16908 1
15492 1
4032 1
18309 2
15535 0
10080 1
4853 1
16075 1
12070 2
17510 1
545 2
2643 2
7929 2
6358 1
11504 2
2326 1
8239 1
1226 1
14497 1
3704 0
16660 0
13312 2
17136 2
12218 1
5785 1
15940 1
18768 1
2887 1
12097 1
12219 0
19569 2
6209 1
2837 1
11200 1
2866 1
5309 2
10639 1
947 1
19368 2
14192 1
10491 1
12699 1
7689 0
7742 1
416 1
10683 0
16696 2
8997 2
3858 1
17521 1
4808 2
16499 2
2420 0
2146 0
6601 1
14200 1
10635 0
14057 2
2725 0
534 1
11033 0
5400 0
588 1
14249 1
5996 2
13673 2
334 0
7029 2
7433 0
3496 2
15290 0
5822 1
5482 0
9988 0
11250 2
13164 0
8032 1
8695 1
7586 2
668 1
10117 1
4456 0
19470 1
15683 2
11800 2
5599 0
9823 2
3893 1
19303 2
15908 2
871 2
7316 2
16257 1
14580 0
7891 0
3083 0
13678 0
5852 1
11919 1
9822 1
4888 1
17642 2
8665 0
183 1
18007 2
14826 2
13835 0
340 1
18652 2
1897 0
7314 2
433 1
2202 0
19265 0
8641 2
7124 2
11288 2
16836 0
16010 0
15795 0
9544 2
15136 0
17973 1
6642 2
19510 2
15876 1
16111 0
14092 2
6145 1
1392 1
2510 2
14596 2
856 1
10416 0
1365 2
9045 1
10527 1
3087 1
14409 0
4745 2
12093 2
4206 2
128 2
15875 1
11202 2
15674 2
19157 0
14883 2
15604 2
12930 1
2418 0
17952 0
937 0
12568 2
11070 1
2681 1
6073 1
15020 0
18112 2
7842 2
4933 2
18256 2
8520 1
18474 2
17946 1
13086 2
15371 1
10211 0
16035 0
15663 0
12283 1
19311 1
14087 2
3701 2
7410 0
18288 1
11309 1
15790 2
6843 0
11002 2
14927 1
11676 2
15298 1
17313 0
17452 2
8995 1
9701 2
10697 0
16490 0
1238 2
6144 2
2437 2
8064 2
18524 1
10482 0
11191 2
7292 2
17954 2
137 2
8699 2
14529 0
570 2
16698 2
5091 0
17584 2
6578 2
15541 1
6792 0
14986 1
9993 1
6725 1
7905 2
18314 2
15745 1
2772 1
1894 2
2530 2
18374 1
18695 0
8476 1
7365 1
6204 2
13189 1
16902 2
10246 2
3540 2
3777 1
4785 0
6536 0
11474 0
10212 2
5135 2
2375 1
19248 2
989 1
17961 1
14316 2
5333 1
1131 1
17509 1
195 2
2186 1
8081 0
1578 1
12546 1
5037 1
11991 0
6731 1
1571 2
7487 0
9008 2
15058 1
16153 2
13458 1
8975 1
346 1
14013 2
15363 2
16818 0
8057 2
10579 1
5527 1
4200 1
13942 2
705 1
10702 2
7457 0
16825 1
10131 1
18206 2
13658 2
9883 0
16977 0
2569 2
950 2
5982 0
14689 0
18023 2
14272 2
10390 1
19135 1
16022 1
13331 2
3532 1
18380 2
5084 0
713 1
6841 1
10858 1
12396 2
6040 1
7696 1
7377 1
3850 0
15465 0
9906 2
5451 2
2592 1
16286 2
16340 1
16263 0
2430 1
13318 1
1635 1
12389 1
14220 2
9406 2
3106 0
3529 1
3863 1
12118 0
18408 2
16093 0
17272 2
10022 0
19364 0
13620 2
11950 2
11653 0
18810 1
8924 1
11025 1
1089 1
78 0
8430 2
8367 2
9396 1
9261 2
15907 2
8069 1
596 2
19347 1
18148 2
9145 1
3955 0
15785 2
12256 1
17260 2
4651 0
18702 1
8071 1
9633 0
240 0
17413 2
18584 0
12451 1
8134 1
2810 1
13302 2
13857 1
6006 0
13806 1
650 1
10313 2
6767 1
9016 2
17721 1
17084 1
8894 1
13621 1
6398 0
7636 1
7791 0
16328 2
710 1
7151 1
15081 0
17503 1
3249 1
1753 1
3012 2
11299 2
12772 1
19500 0
16525 0
3 2
12554 0
4555 0
7023 1
7047 1
14947 2
420 2
6955 2
11325 2
2344 1
15731 2
19022 2
15833 0
13463 1
1509 0
15126 0
9764 2
13154 2
19460 2
553 0
6441 2
7026 2
9558 2
7132 1
14564 2
15808 2
981 1
3182 2
2601 1
16060 2
12781 0
6727 2
14432 1
11944 2
2013 0
17463 0
7067 1
13990 0
15483 1
8683 2
421 2
6380 2
14969 1
9105 1
14308 1
16541 2
4289 2
4610 1
18841 2
12345 0
15008 2
7734 1
1949 2
13141 1
7717 1
9258 2
2559 1
11635 1
3278 2
14817 2
8359 1
271 2
8773 1
13654 0
1017 2
2184 0
4025 1
1888 2
12027 1
19016 2
1918 1
1395 1
10402 1
6588 0
16284 2
11422 2
18464 1
1088 1
15863 1
1025 2
6484 1
12220 1
3575 0
3799 0
2980 2
7084 0
1773 1
17690 0
5303 1
8807 1
1085 0
11160 0
12014 2
6598 1
4719 1
9658 2
13030 0
3492 2
17238 1
13791 2
3927 1
9578 0
16687 1
10985 1
15435 0
13381 2
9437 2
6082 0
1935 0
5392 1
7108 1
2780 2
11435 1
15476 2
1517 1
15120 0
14598 1
16885 0
3323 2
4046 2
4757 0
13614 1
17366 1
5118 2
8395 1
19088 1
7389 2
249 2
16009 2
2746 2
15627 0
7263 2
444 2
4587 1
19264 1
15466 2
17906 2
16870 0
19037 2
10620 1
11027 1
422 2
2840 1
4678 2
13510 1
16405 2
3082 1
6823 2
6036 1
7142 1
11998 0
17058 1
14111 0
4448 2
8242 0
7442 1
16968 1
386 2
9734 2
10378 0
14378 2
14504 0
19388 2
41 1
18595 0
561 1
2368 0
6253 1
10605 0
8148 2
5362 2
17302 2
13852 1
17393 0
19000 0
7277 1
12179 1
19096 0
13324 2
7604 1
503 2
16718 2
8188 0
19540 1
4023 0
13451 2
18678 1
3035 2
18689 2
3173 2
17487 1
1740 2
4806 1
16012 2
17983 0
1667 2
4577 1
56 0
11965 1
3377 2
6888 2
14802 2
7775 2
9225 1
2288 0
4085 1
7544 0
14824 2
5871 1
9896 1
3762 1
5976 1
3859 1
12610 1
6682 1
4337 2
19182 2
6065 0
11473 1
11134 2
6185 2
7802 2
4957 1
17242 2
267 1
5968 2
1610 2
16520 2
12899 0
2042 0
12870 0
17699 2
7546 2
11239 2
9842 2
14335 1
8971 2
2513 0
5647 2
701 1
11647 2
6580 1
1928 2
3481 1
4946 1
17319 2
7185 2
16052 1
7558 2
2537 0
12019 1
15230 1
17755 2
6295 0
1548 0
16202 2
17620 2
8487 0
19274 1
10560 1
2836 2
15187 0
6234 2
9116 0
437 0
1464 2
13960 2
6270 0
13905 0
9945 2
847 2
15707 2
18757 2
19649 1
11315 1
11906 2
15967 2
12236 0
14415 0
19031 1
10057 2
9727 2
1554 0
1494 1
827 2
11268 1
6653 0
6566 1
8519 0
6248 1
2979 2
18177 1
7414 1
4351 2
2560 0
11853 1
18821 0
777 2
18459 1
16212 1
537 0
15669 1
1066 2
3212 1
9758 2
543 1
5832 1
10108 2
13855 2
18800 2
3084 2
2736 1
5246 2
8301 2
494 1
3023 2
18006 2
16305 2
15067 2
15048 2
13152 1
7358 0
12402 1
15183 0
9820 2
13125 1
16611 2
2233 0
16739 1
2223 1
939 2
16668 2
15538 2
18480 2
16915 2
4599 2
7217 1
14152 0
4395 0
5885 2
17435 2
14077 1
18096 1
14959 2
8343 1
1654 2
5793 0
3699 2
18902 2
2497 1
19688 0
15522 1
18680 2
9435 1
2702 2
499 1
5546 1
9786 2
2433 2
12582 1
10703 2
12531 2
7930 0
8896 1
17212 1
4874 2
19610 1
374 2
12874 0
18349 1
867 0
1387 1
14585 0
6746 1
10148 1
11497 1
6886 2
6654 1
6098 2
13272 1
16260 2
17179 0
15087 1
11444 0
19580 1
2339 2
10624 1
3521 1
15764 2
7037 2
19180 1
46 1
17891 1
6446 1
18907 1
16859 1
9798 2
11146 2
2611 1
13699 1
9778 2
15724 1
18758 0
18212 1
10105 0
2744 2
12352 1
8035 1
1112 2
13773 2
16401 1
18891 1
8872 2
18572 1
8907 0
19710 2
2600 0
1962 2
5153 2
15941 1
11438 0
3962 1
4272 1
12186 0
9468 2
19045 1
9015 2
3144 2
16013 1
8288 2
7855 0
11237 1
14039 1
15263 1
12071 0
6385 2
16976 1
7344 1
2563 1
18117 2
18160 2
369 1
16986 2
9731 1
18504 1
15991 0
2845 1
2638 2
4987 2
6853 1
5002 2
12712 2
10200 1
15070 1
3844 0
9148 2
8260 2
15504 0
10934 1
15983 0
3974 2
951 2
3174 1
3727 1
3037 1
10646 0
7628 1
9641 1
12598 0
18098 2
16025 2
16385 1
10711 1
9084 0
15352 0
12761 2
10305 1
13843 0
3853 0
11911 2
18782 2
4844 0
18565 1
4450 2
6332 2
7404 1
1065 1
846 2
18956 0
15052 0
11936 2
15659 0
18338 2
3581 2
2786 1
7218 2
13419 0
12443 2
1622 1
10161 2
10454 2
3678 2
14620 0
18089 2
16654 0
7851 1
1834 1
8844 2
15844 1
11407 1
10380 1
6574 2
15545 1
11907 2
868 2
13400 1
7063 2
19277 1
9816 0
9528 2
14789 2
12057 2
17635 1
5474 2
3966 2
9699 2
12100 2
13021 0
14833 0
18181 1
19542 1
5818 1
809 0
5926 0
14098 1
13830 0
18803 2
13479 1
14674 0
17370 2
6083 2
19309 1
4363 1
15978 0
12673 2
17048 2
9214 2
13076 1
18304 2
12873 2
17675 2
3884 1
13238 2
19372 1
14349 1
10522 1
463 2
12464 1
10373 2
17157 1
18165 2
2829 1
8748 0
9319 0
16481 1
3061 1
17400 2
15300 1
15830 0
18359 0
15557 0
5086 2
8113 1
5701 1
11667 1
8956 1
12968 2
6323 1
7641 2
11884 2
9617 1
10521 2
3370 2
2098 2
15585 0
1512 1
1793 2
16122 1
17552 2
10379 2
3967 2
382 2
2165 2
1828 2
12611 2
12865 2
18012 1
17519 2
8626 2
15972 2
8391 2
4730 1
13466 1
8011 1
2450 1
4647 2
6220 2
13228 0
18731 0
17015 1
4714 1
2962 2
17791 0
15628 2
5748 1
7030 1
4580 2
14422 1
700 2
18557 2
11365 1
12565 0
6168 1
8013 2
9411 0
13690 1
6535 1
16421 0
9079 2
15277 0
15542 2
1893 0
13878 2
18363 2
3550 1
18533 0
12793 0
14630 2
9313 0
10303 0
3461 1
12203 0
10514 1
9781 2
17957 1
4877 2
5384 2
8286 1
18036 2
19360 1
7349 0
2108 1
2439 2
14827 1
17323 1
18014 0
2978 0
16930 0
2953 2
5341 1
12593 2
14862 2
3076 0
6422 1
3159 2
14811 0
18949 2
19007 1
14466 1
10074 0
11259 1
7853 2
5919 1
12828 2
2535 1
11515 0
6981 0
888 1
4593 0
8705 1
8868 2
18410 2
9943 1
2269 1
9346 1
12297 2
19356 0
16223 0
8366 2
6403 1
18894 2
16826 2
590 0
16643 2
15480 1
10535 1
2051 2
10227 1
18687 2
13632 2
9859 2
12987 0
10425 1
5414 1
17290 0
4140 2
14219 0
2005 2
3149 2
1137 0
4911 1
5823 2
1232 2
17613 2
202 1
19013 0
9184 2
13276 1
6143 1
1516 0
15338 2
12634 1
3945 1
19459 2
9404 1
17389 2
10341 2
3352 1
9188 2
2892 1
6923 1
17327 2
16166 1
5582 1
15315 1
8753 1
2564 0
2941 2
1589 0
5024 1
19662 1
7475 1
16521 0
2192 1
18972 2
9579 0
1411 1
107 2
6946 0
11024 2
18179 2
16412 1
17843 2
2330 1
13136 0
9767 1
15161 2
2436 0
1463 2
13659 1
16024 1
6368 1
17244 1
13443 2
2055 1
3621 1
1663 2
2031 1
14702 1
3599 0
14592 0
16595 1
3057 2
1984 0
3622 0
13367 0
18609 1
11532 1
8147 1
19146 2
5780 2
2498 2
9607 0
10657 2
2567 0
2653 0
9078 2
11391 2
11761 1
13785 2
3497 1
8371 2
103 2
6738 2
19635 1
6308 1
10423 1
14445 1
3630 2
17541 2
2270 0
17345 1
12182 2
5132 1
9213 1
1209 2
18240 2
2064 1
8162 2
18600 2
6992 2
7839 2
8470 1
6237 1
7448 1
8809 1
13062 2
10972 2
8502 1
13395 2
3188 0
12684 1
18733 1
8159 0
10856 2
11011 0
12434 1
10143 0
4502 2
12695 2
13002 1
2924 2
4658 2
19095 0
2784 2
11661 1
7846 0
8089 2
8097 2
9654 0
11344 2
5448 0
7164 2
16480 2
14820 1
15402 2
3134 2
3098 2
10069 1
4990 2
13280 1
9477 2
19458 2
19173 1
11088 2
5830 1
13194 0
8072 0
8611 2
8464 1
4469 2
14482 1
6679 1
14287 2
4359 1
388 2
17317 2
1287 2
18631 2
8989 1
10473 1
6840 2
9136 2
2011 1
15344 1
13265 2
450 2
13322 2
2959 1
775 0
12305 2
8237 1
16733 1
9829 0
15897 2
10478 2
7559 0
2928 2
17662 1
335 1
18920 1
19158 1
15650 1
18729 1
12111 2
1925 2
11908 1
7435 1
13257 1
15143 1
1831 1
8570 1
4266 0
13392 2
2919 2
11009 2
13890 1
14691 2
11447 2
13383 0
4346 2
469 2
11084 1
8840 1
4775 1
5923 0
1042 0
3395 1
6047 1
11041 2
8895 2
8053 1
17507 0
5128 2
9135 0
7723 2
5234 2
3985 0
8092 1
13495 2
9840 1
17562 2
5295 2
16751 0
15955 0
19558 1
6090 0
5247 0
3726 2
18423 2
17231 1
16765 0
15905 1
18318 1
9553 1
35 0
15099 1
16731 1
12255 0
8957 1
5407 0
9479 2
7655 2
256 2
1294 1
7287 1
9546 1
7537 1
12252 2
2467 0
8490 1
19647 0
17736 1
10781 0
3568 2
17867 1
12446 2
9669 1
15077 1
15085 1
10612 0
458 2
17964 1
16974 2
18988 2
13933 1
9453 2
10513 1
11374 1
14692 1
2732 0
14980 2
3668 2
9373 0
14602 2
18494 1
12112 2
8707 0
8754 1
10068 2
16229 0
18271 2
15810 1
9841 1
19377 2
8648 1
4190 1
4324 0
7192 1
219 1
6069 2
16793 2
7379 1
8474 0
12663 0
14569 2
12861 2
14613 2
6442 1
851 2
5314 2
10456 1
473 2
9277 1
2585 1
19596 1
16556 1
8925 0
14995 2
15748 1
13875 0
6194 0
11524 0
3033 2
8711 1
13287 1
19584 1
5641 1
13208 1
19138 1
2529 0
8968 1
12117 1
4366 1
3807 1
3274 0
841 1
12109 2
4011 1
8061 2
10400 2
9154 0
10913 2
7782 2
5294 1
6033 1
16204 2
8538 2
8898 2
15678 1
19438 2
3696 1
17087 0
3709 0
2337 2
16220 1
15269 1
19529 1
5251 1
8143 0
18324 1
12346 0
17667 0
5658 2
11326 2
5364 1
541 1
16540 1
19063 2
5724 1
12680 2
5080 1
7721 2
7714 1
483 2
6396 1
13448 2
11429 1
1256 1
12021 2
11951 1
12917 2
19557 1
18153 2
10245 1
3885 1
9858 0
19678 0
16121 1
2870 2
1751 0
1047 2
12746 1
14976 2
19414 1
998 2
13529 2
752 0
1803 2
14147 2
1976 1
13221 0
8466 1
16445 1
11982 0
130 0
5995 2
1341 2
4471 0
10145 2
8503 1
9554 2
6231 0
13828 2
1053 1
4024 0
8472 1
8660 1
17616 2
5436 0
7405 0
4319 2
6404 2
11880 1
3453 1
2990 0
13591 2
9083 2
13714 1
19709 2
4182 2
18284 0
15599 2
11864 0
13132 1
1931 0
10567 2
14344 0
218 2
3871 2
3423 2
5811 2
1477 0
73 2
5412 2
7987 0
6749 2
11352 2
16852 0
9389 2
18929 2
2726 1
18942 1
9099 1
12977 1
11199 0
12355 2
14889 2
9744 2
16837 1
4334 1
16515 0
208 2
7382 1
4171 2
5814 2
4574 1
9422 2
2343 1
7066 1
12121 1
2791 1
12600 2
11538 2
3721 0
3879 1
6167 2
15984 0
8805 2
8192 1
5648 1
18556 1
7518 1
11916 1
5756 2
4771 1
16539 2
17446 2
8021 1
8571 2
12856 2
5335 2
2348 1
16434 0
8730 1
12277 2
9924 1
4287 2
14982 2
15799 2
14339 0
5252 0
19415 1
11596 2
13970 2
4668 2
13571 2
6963 2
17566 1
19258 2
1557 2
1414 1
18873 2
3979 0
2576 2
11184 2
16047 2
18214 1
7895 1
10658 1
564 1
4650 0
8543 2
3205 2
11857 2
11427 0
479 2
18977 1
4465 0
15457 0
6498 0
10486 0
751 0
7062 1
19526 1
2724 1
8334 1
14582 0
7271 1
16266 2
9788 2
1799 0
6245 1
3804 0
405 1
15651 1
15173 1
9229 0
15364 1
6181 2
5821 1
11636 2
14521 1
7871 1
7511 2
4864 0
18015 1
12362 1
3935 0
15932 1
9478 0
9323 0
1977 2
19301 1
957 0
10810 1
17420 1
16140 2
5620 2
1189 2
7790 2
19495 2
4569 1
5058 0
3007 0
12690 1
12946 1
11310 2
1558 1
11151 1
8878 1
17124 2
7502 2
17877 1
8215 1
11082 2
10999 2
8478 1
9401 1
2756 0
7244 1
7025 1
13988 0
3755 2
17258 0
15533 0
8854 2
4411 1
10563 2
1812 1
10693 2
3613 2
11182 1
861 2
14362 2
15948 0
10451 1
19400 2
12583 2
15977 0
13418 2
7983 1
4288 1
12844 0
14503 2
2880 1
19349 1
17001 2
15820 0
16408 1
14448 0
727 2
8139 2
149 2
8667 1
19132 0
12439 2
8379 2
18770 2
7060 1
402 2
1468 2
9447 1
19024 1
12164 2
104 2
2577 0
5667 1
8059 2
12562 2
4136 2
18909 1
14531 1
5587 2
11042 2
16764 2
16766 0
3989 2
19222 2
16839 1
6562 2
5794 1
15911 2
1998 1
8560 2
17166 1
15071 1
3891 2
4121 0
2523 2
18932 1
13084 1
19477 1
14059 1
17253 2
8164 0
2220 1
10468 2
17430 1
10784 1
5504 1
18050 0
14645 1
2544 2
5918 1
19170 0
11804 1
513 1
15787 2
13819 2
2708 2
2955 1
18950 0
3754 2
8589 2
15992 2
10063 0
197 1
17236 2
2872 1
4863 1
10288 1
19156 2
9456 0
15819 2
2254 2
6141 2
7044 2
17681 1
1638 1
8798 1
4739 1
4884 2
1013 2
19001 2
179 2
12172 1
6419 2
8209 2
2783 0
4314 0
3504 1
17 2
18630 0
19220 2
16866 1
14234 1
1884 2
12044 1
15519 1
5272 2
5248 2
18275 2
13637 1
13122 2
12683 1
2028 2
8870 0
14404 2
14204 2
1132 1
16400 0
14050 2
