829 0
526 0
1425 3
2372 6
720 0
1102 1
2363 5
1342 0
613 0
2563 5
621 2
1053 4
2373 0
153 0
2587 1
2596 3
411 0
311 0
2677 3
469 0
1196 0
2349 0
785 6
198 0
1095 4
1555 3
2000 3
2140 3
2608 0
1759 3
171 4
605 0
2027 2
1361 4
2423 4
2049 0
155 3
1255 3
2684 0
789 5
1322 4
1578 1
2240 1
2542 0
524 0
1631 5
2116 5
1453 6
986 6
331 0
652 1
997 1
1371 5
2668 1
1412 6
1217 2
2471 6
1469 4
1304 6
2477 0
945 3
2387 0
218 3
2522 0
476 0
1080 0
244 0
1742 3
1082 1
2219 3
959 5
1417 0
871 3
1517 0
1022 0
1129 0
2250 5
2498 0
2254 5
1473 5
2652 6
1331 5
915 3
1527 3
1549 3
561 0
501 0
2105 0
742 3
606 5
2189 1
1480 0
1978 3
2072 0
880 5
358 3
1158 3
409 0
1390 4
886 0
1028 0
1696 5
592 0
2386 0
455 2
2109 0
2102 5
1639 0
1286 5
296 4
2128 6
1006 4
834 0
1429 1
500 2
392 3
1870 3
1964 4
1888 4
1669 4
1769 5
2448 0
2658 6
1002 6
1263 6
1109 4
2583 4
707 1
436 4
1894 3
864 0
150 6
802 3
2362 3
193 0
2654 3
1655 0
1337 4
1087 3
1885 0
2487 4
2577 3
2696 4
305 2
866 0
2413 0
1785 5
1657 0
199 4
1037 0
186 2
1344 6
2225 4
1628 5
2117 0
717 5
2496 0
2486 0
1268 3
2678 0
1211 0
47 6
767 4
1597 6
1386 4
1195 0
2693 3
2047 5
2216 5
179 0
272 0
2065 5
2291 1
2182 4
2316 5
2010 6
2660 3
2269 5
223 1
433 1
1661 4
1152 6
134 0
1501 0
2403 6
679 6
2546 3
1151 1
2336 0
1681 3
548 2
992 6
1771 5
438 4
2092 4
180 0
1514 4
1636 6
2505 0
267 4
1099 5
566 2
516 0
1394 0
293 0
1067 0
1496 6
2475 4
1748 4
64 6
2665 6
1029 3
1408 5
988 2
1789 0
1564 0
2207 2
2580 4
2584 0
2630 5
1751 0
1012 2
594 6
63 2
788 3
2624 5
2446 5
2235 3
396 1
2202 5
81 3
2361 5
1980 5
2303 6
1349 2
2594 0
216 1
551 2
963 1
1943 5
712 5
722 4
73 2
280 3
803 5
667 0
1908 3
1262 0
1972 3
918 0
1942 3
825 6
1749 3
853 4
1883 5
2111 5
2104 5
2458 3
588 2
1705 4
870 2
2084 0
731 0
2407 5
1757 3
998 3
2628 2
2011 4
295 2
1773 0
1474 5
2631 0
378 4
1944 1
1623 0
297 0
1447 2
1204 5
820 0
102 0
2595 0
1667 0
758 5
178 1
1730 5
103 2
840 0
1169 0
1984 5
111 0
535 4
631 0
1797 5
1664 0
538 5
17 0
972 5
65 5
38 5
2289 6
1547 0
608 0
128 2
2528 4
1814 0
1957 2
1503 3
966 5
750 2
922 6
1324 3
2657 4
253 0
1437 3
2007 2
1004 4
1472 0
1896 0
1954 2
930 0
2562 0
2152 5
381 4
801 6
1036 5
176 1
340 0
1816 2
1762 4
1464 0
2096 1
1738 5
126 3
220 2
522 4
2019 0
1966 0
2050 0
310 0
1139 5
1736 5
1864 6
2656 6
756 1
506 2
1450 0
1900 3
1654 3
248 3
1461 0
405 0
320 0
1544 5
2429 5
461 0
2070 1
926 4
1794 0
1806 0
449 6
536 0
656 2
195 1
423 3
2539 1
228 5
1105 4
1103 0
2451 5
996 3
1051 0
2530 0
1674 6
301 0
1761 3
1690 5
1121 6
1581 2
591 4
1283 0
184 1
1094 0
214 0
769 5
914 0
1279 5
778 4
468 3
2565 6
1133 3
1188 0
1308 3
194 0
1222 0
2337 0
1559 0
907 0
1182 1
1157 0
1356 0
2052 6
2090 0
1258 0
210 2
1561 4
2078 3
211 3
2284 0
1668 0
207 0
1114 5
23 3
360 0
188 5
666 0
1172 3
1115 0
1475 6
1740 5
1018 5
1902 0
1860 6
554 2
2228 0
1723 3
2559 3
550 4
773 2
2015 4
434 6
1398 0
224 1
1497 6
560 4
752 6
1915 0
190 0
1907 3
98 4
1251 0
2515 5
2307 0
499 3
1916 0
1413 6
2099 4
217 0
2648 0
1492 4
1482 4
2031 4
878 0
338 0
2108 3
2391 4
2126 1
2018 2
1231 5
2651 4
2026 0
2266 3
1011 1
1584 6
856 5
2560 4
1608 3
1401 6
2194 1
2326 4
818 6
2586 2
124 0
16 2
646 3
306 2
719 0
1316 2
1895 0
2060 6
2516 5
1618 4
316 1
1606 0
635 4
1839 5
222 6
664 0
1476 5
1831 5
364 0
2495 4
1642 6
1035 5
792 4
167 2
824 6
736 0
266 6
1389 0
701 0
941 5
1755 0
2378 0
2419 3
1202 2
668 0
971 3
1569 1
2198 4
949 0
1704 0
1319 5
508 4
421 4
650 2
2597 6
1812 0
1100 0
776 3
37 2
1830 6
1554 6
2514 3
1780 2
1793 0
2205 5
1207 5
152 0
2136 3
737 0
1106 5
961 5
900 5
2536 2
565 2
1177 1
1301 1
1920 0
439 0
1989 6
1302 6
1123 6
1465 6
457 6
2146 4
2518 5
688 2
359 0
2576 0
585 1
2222 2
1000 4
1269 4
1679 1
386 0
260 3
426 1
1122 6
1338 3
465 2
754 0
2707 0
458 0
1562 0
1143 5
2390 0
108 3
2519 5
292 3
614 4
909 3
2143 0
2453 2
1009 5
651 0
2503 0
1422 0
1001 6
976 3
2642 0
850 3
2256 0
968 0
1994 3
725 3
2381 0
2220 5
2430 2
285 6
958 5
1210 6
821 0
781 5
2191 0
1427 3
252 2
2139 5
2614 6
1287 3
1163 6
761 4
2338 6
598 1
2694 4
1614 3
1851 0
1594 5
1518 5
2344 0
2295 5
1299 5
841 3
215 6
1088 0
430 4
1284 0
2310 6
2221 3
275 3
2543 3
579 0
593 6
1763 0
849 1
139 5
2635 6
1997 0
1884 0
2464 3
510 3
1760 0
1085 1
242 4
696 0
1092 4
625 0
537 5
1622 1
2209 2
72 0
174 0
1219 5
2334 5
1861 4
1377 6
2028 4
1784 5
580 6
724 0
2305 2
2130 5
2567 0
1046 6
1991 3
163 5
182 3
308 4
1460 4
1865 0
2434 3
1521 4
1820 0
1605 4
156 1
774 0
2508 4
497 4
1203 0
1587 1
520 0
1213 2
2354 4
1383 0
2533 0
246 3
454 6
2008 3
1570 6
798 4
1419 3
431 4
1326 3
543 6
132 2
82 2
2212 0
1928 0
2544 6
192 0
1879 0
1583 0
1909 3
144 0
1684 1
1444 4
620 0
334 4
2014 2
577 3
2243 0
1971 5
147 6
227 4
1368 6
1175 5
978 0
521 1
670 6
2667 5
1571 5
1573 2
1671 4
1240 3
1073 1
2659 5
268 0
2578 3
1042 0
2076 3
2431 1
745 0
2456 3
83 0
956 5
2504 5
1975 2
1711 2
2193 5
1186 3
844 5
9 4
58 0
874 0
13 6
2676 0
1710 0
1645 0
60 2
534 6
341 0
2246 4
770 0
1700 0
204 0
1912 0
1278 6
1335 3
2025 3
159 4
0 0
2299 6
1995 3
2160 3
1828 2
645 3
1061 1
261 0
1824 4
678 0
191 5
1713 3
2653 4
1647 4
129 5
2564 5
2327 4
1550 4
1835 4
913 3
980 0
655 0
1369 5
787 3
2435 0
6 4
330 0
1697 0
1589 2
2685 4
542 0
2417 3
1471 0
1179 0
1442 1
1973 5
983 6
552 2
1150 0
2547 6
187 0
1375 3
323 4
1875 4
50 6
2296 5
628 0
1027 4
1591 0
1462 0
1275 1
2083 0
2331 4
1678 4
1931 5
54 4
716 0
1811 0
2444 2
480 0
2689 4
2168 4
