0 1544
1 10199
1 2943
2 11485
2 15572
2 10471
5 1312
6 13656
7 15577
7 14688
7 17955
7 18425
7 6242
7 2343
7 17354
7 14754
7 5564
7 2019
7 19376
7 1568
7 14843
7 1588
7 4058
7 10243
7 8335
8 3157
12 1048
12 389
12 19494
12 17889
12 2617
12 9366
12 12597
12 10962
12 12111
12 863
13 13940
15 4442
16 11658
16 7980
16 16554
16 4102
16 8412
16 11993
16 16169
16 19211
16 10969
16 18546
16 16677
16 10133
16 19426
16 14010
16 5079
16 4032
16 4509
16 799
16 15426
16 19124
16 11765
16 10175
16 10712
16 9505
16 15057
16 13054
16 8806
16 2658
16 15969
18 8165
18 1239
23 10601
26 17931
33 4098
37 8093
40 15698
47 3011
47 677
47 2177
48 18870
48 15114
48 6077
48 2902
48 16528
48 4751
48 12308
48 11084
48 2645
48 6347
48 9830
48 8104
48 12102
48 2120
48 9409
48 8708
48 17649
48 18903
49 5793
49 15654
51 14187
52 5515
53 6509
57 101
58 4036
60 7176
60 1025
60 6152
60 1205
60 7185
60 144
60 19148
60 3127
60 15029
60 2321
60 1521
60 9365
60 18831
60 3443
60 7830
60 2571
60 4118
60 14421
60 6555
60 11110
60 15167
60 13828
60 14704
60 2346
60 17327
62 2255
72 1281
77 14827
77 7496
77 1730
77 17073
77 12848
77 15971
77 4316
77 6686
77 518
79 2092
80 13010
80 14370
80 13118
85 14123
97 1205
101 6151
101 2846
101 11871
101 10876
101 18806
101 14130
101 19318
101 16040
101 2516
101 5211
101 13024
101 12792
101 11729
101 5651
101 14066
101 12195
101 11044
101 10446
103 15036
103 17098
105 10796
105 9644
105 2134
105 11443
105 17499
105 10542
105 9181
105 13132
105 8263
105 7400
105 15239
105 12019
105 16355
105 4411
105 3239
109 2793
110 6077
110 2645
110 8417
111 3218
116 4073
116 2770
117 10167
117 9538
117 2674
117 13940
117 1497
121 13976
122 15700
124 11904
126 3721
130 11580
132 12588
135 13633
141 7398
144 14421
145 3801
145 12041
145 4515
147 11894
147 15864
147 5871
147 14654
147 7529
147 11372
147 17329
150 2983
150 16456
150 14764
152 14878
152 15554
152 14047
158 4654
159 12416
160 11778
161 196
164 6684
168 9637
168 14485
168 7815
168 2623
168 5180
168 15458
168 8932
168 13466
168 18558
168 10204
168 19247
168 2528
168 7046
168 16506
168 19112
168 3696
168 16314
169 10766
169 677
179 15188
184 4717
193 12094
194 16332
194 4024
194 15977
194 8447
194 12632
194 14943
194 2722
194 19053
196 6854
196 18963
196 16201
196 14184
196 12664
196 3976
196 13055
196 6467
196 8136
196 6844
196 3218
196 324
204 6335
204 7525
210 1846
210 13633
210 9203
210 966
210 3545
210 19001
210 861
210 6215
210 18725
210 14371
210 12334
210 1746
210 14626
210 9199
210 8290
210 2927
210 5569
210 11344
210 2926
210 8786
210 10769
210 17977
210 14278
210 16717
210 1842
210 6272
210 6418
210 6793
211 14961
211 14926
211 16020
211 5057
211 16019
211 16008
216 17026
231 1133
231 5593
231 5297
231 10966
231 8816
231 15611
231 11449
233 8400
235 18768
235 18995
235 6794
235 2039
236 6798
236 18402
237 19567
244 15982
245 18332
247 2571
253 2735
253 11372
254 15274
254 8243
257 17511
257 15603
258 3779
258 8655
258 8382
262 13761
263 7243
265 9720
265 2995
265 7830
265 1119
265 2366
265 19257
265 8005
266 4276
268 10383
276 3161
283 11354
284 10431
284 1906
284 7716
284 7301
291 9626
293 16124
293 4455
293 2964
293 4513
293 19133
293 1194
293 2004
293 8543
293 17423
293 7399
293 17847
293 18107
293 10373
293 5673
293 6920
293 9677
293 1956
293 3534
293 7071
293 4382
293 16033
294 18203
294 7493
297 623
301 8534
301 5622
301 3197
301 16659
301 1008
301 429
301 1833
301 15104
305 2577
307 10327
311 1902
311 3428
315 7021
317 17337
317 11727
318 11921
318 17203
318 17276
323 16332
326 11310
327 17006
331 16697
333 4813
336 973
336 13376
337 11644
338 1312
340 7243
343 16947
343 3444
343 17188
343 7300
343 11258
343 9483
345 5565
357 17139
357 16608
357 13743
357 11732
357 17811
357 14015
357 11593
357 4612
359 14049
363 1873
370 2231
370 12913
370 12755
370 5428
370 17026
370 6741
372 13511
372 18276
384 15139
395 19420
401 18497
406 2174
406 18585
406 715
406 1310
407 4222
407 7973
407 9698
407 15571
407 16513
407 11076
407 10990
407 8012
407 411
409 12947
409 9120
410 699
413 17912
414 3846
421 13170
423 4654
424 2674
427 13787
428 1581
428 7143
428 13268
431 1033
431 10933
431 10088
432 12097
432 9794
432 12628
432 6715
432 11710
432 11900
432 11489
432 2049
432 12256
432 8509
432 11701
435 7058
436 1325
440 19237
441 4743
443 16790
443 8086
443 893
445 1275
446 13471
447 3124
450 9576
452 6684
453 12489
453 5342
454 17394
454 2100
460 5829
460 13276
460 616
460 16424
460 15519
465 15498
468 16747
468 15008
468 7712
468 18734
468 3831
468 18357
470 4813
471 9588
471 18670
475 18804
477 7301
478 858
481 14699
481 13619
482 13068
484 3517
488 4333
489 15788
500 14008
500 18728
500 17301
500 3831
501 15006
507 18731
507 13534
507 5014
509 7992
514 14979
514 3754
514 6805
514 13401
514 17379
514 10754
514 18380
514 16187
514 9574
514 16549
514 2322
514 7630
514 17988
514 3415
514 18728
514 13940
514 14008
514 5917
514 14392
514 2154
514 13811
514 9047
514 9212
514 12542
514 14765
514 5843
518 11826
520 9120
523 18736
528 10383
528 2645
528 13963
529 6125
529 17469
529 18011
529 9270
529 7099
530 2591
531 4214
531 2543
531 15095
531 18059
531 5360
531 5663
531 16192
531 9314
531 13246
531 16727
531 7610
531 4404
531 8999
531 4831
531 3357
531 18477
531 7992
531 13405
531 13114
533 9039
533 5254
533 18617
533 7077
535 1205
542 12416
542 7480
542 11949
542 1037
547 3296
556 9216
556 13763
563 1497
572 3136
574 16146
574 14797
574 13146
574 6608
579 12498
579 13511
586 5104
587 12612
588 1873
590 1939
590 8601
590 16011
595 10383
597 5265
598 12612
605 19097
608 9726
609 1482
609 9031
609 4833
610 5515
611 1205
611 11354
611 18808
611 9873
611 2301
616 3603
616 3136
616 10183
616 16925
616 5804
621 6169
623 4223
623 12919
624 9576
627 2112
629 18743
630 18771
630 6149
632 17098
636 14575
637 3296
639 1660
641 15102
641 8642
642 962
642 5804
645 3781
646 4803
651 9749
662 13890
662 7807
668 17513
668 11593
668 17811
668 6197
671 3190
673 2039
676 16967
677 4020
677 2092
677 13981
677 15035
677 19260
677 17474
677 13500
677 4818
677 6509
677 16624
677 4064
677 8927
677 5868
677 19583
677 2659
677 7308
683 3136
687 1205
693 13180
694 13083
696 1515
696 11580
697 4963
698 10149
699 8668
699 6120
699 18832
699 4702
699 7774
699 13800
699 2645
700 11045
701 3136
702 7157
706 5654
707 5920
708 2229
708 14754
708 15735
708 13677
708 3683
708 3481
708 6794
708 9249
709 15620
709 15788
711 14942
712 10392
712 3201
715 15007
716 15788
717 3136
717 4077
720 13839
720 17767
720 7056
725 5089
726 18670
729 3922
735 18216
735 1497
735 13940
735 15788
738 1630
739 13361
744 3713
746 18825
746 1045
746 14417
746 4989
746 18765
746 15735
746 1385
750 5715
750 14421
751 15982
754 4838
754 7494
754 14699
754 926
754 15333
754 6265
754 6994
755 11169
755 7099
755 13444
759 6205
761 5243
761 16054
761 17508
761 11809
764 9588
766 17892
767 13656
767 16827
768 7210
775 7398
778 12926
781 11895
782 13083
783 6242
786 1205
787 6077
787 12742
790 14218
796 8608
802 13067
802 16402
803 13266
804 17165
804 8372
804 6411
804 18733
804 1425
804 7475
804 15520
804 18093
804 6442
804 17025
804 7452
804 17019
804 17026
806 8442
806 18436
806 2150
806 9657
807 17194
809 5336
814 10744
817 15188
820 11233
822 11319
824 3286
828 4717
828 1301
828 1683
828 8608
828 10513
831 17819
831 15155
831 15994
831 2703
831 17815
831 17814
831 4678
831 7199
831 15989
833 5054
833 11478
837 10535
840 17026
844 18444
852 4058
856 18661
856 905
856 10872
856 17187
856 5306
856 10226
858 18455
858 4332
858 7814
858 15975
865 2571
866 2999
866 2271
867 17912
869 11295
869 15757
869 6818
873 14832
874 12066
874 1506
878 10457
878 4977
878 18743
882 19150
883 16463
883 9124
884 18317
884 3543
887 14626
887 14358
892 5804
893 9171
893 6548
894 3559
897 3781
901 16456
901 14226
901 11372
902 18808
903 3914
903 2735
903 11372
903 15208
903 3750
903 18497
904 3136
905 16265
905 18661
905 10973
909 15613
910 14893
910 13118
910 18625
913 3800
913 18893
915 12725
915 16541
915 12201
918 6423
918 4077
918 2834
921 6684
922 9765
924 8372
925 5515
926 4581
926 4450
926 12457
926 5507
926 17409
926 9723
926 16305
926 5730
933 10961
935 15882
935 4402
944 18794
947 13483
948 7095
948 2988
953 5245
955 1063
962 1286
962 12610
962 6346
962 14800
962 19144
962 3801
962 14912
962 5829
962 6898
962 1246
962 16712
962 14097
962 5132
962 3141
962 11450
962 2955
962 12217
962 12256
963 9910
963 13261
966 13976
966 2157
969 14647
973 1244
973 2708
973 9386
973 18728
973 2981
973 2361
973 11914
973 6501
973 9268
973 11725
973 16826
974 7829
979 9588
979 18804
979 1205
981 17026
983 12175
985 1205
987 4874
987 15978
987 17440
987 18694
987 11813
987 5394
987 2100
987 18099
987 3782
987 6899
987 5969
987 14128
987 7659
987 8042
987 14756
987 11394
987 6930
987 3992
987 11277
992 4878
996 18982
1005 7927
1006 10846
1008 4371
1023 14722
1033 7151
1033 14093
1033 9007
1033 3342
1033 16312
1033 7134
1033 14816
1033 15845
1035 5089
1035 4985
1036 19252
1036 11441
1038 11065
1043 5721
1050 17785
1052 19669
1055 7210
1056 11372
1056 7210
1056 2735
1056 11244
1057 11795
1057 18184
1061 7373
1063 3731
1063 5273
1063 8372
1063 4034
1063 7736
1063 19273
1063 9475
1063 11449
1063 15749
1063 11450
1063 4811
1063 7977
1063 19185
1063 14353
1063 5036
1063 17537
1063 7518
1064 4172
1064 13983
1070 5515
1078 12325
1079 11580
1080 15611
1083 9059
1086 11580
1090 14288
1090 1204
1091 16065
1093 15432
1094 13983
1098 2999
1098 3793
1101 18011
1107 11697
1107 8748
1107 12995
1107 6352
1108 6148
1116 1312
1119 2571
1119 1205
1123 16427
1133 17006
1135 13010
1136 11379
1137 9177
1141 13940
1141 5908
1142 1412
1142 9576
1143 6543
1143 8537
1143 4221
1144 18805
1144 5599
1144 11024
1144 9218
1144 11810
1144 16776
1144 15277
1144 5500
1144 4922
1144 6878
1144 9864
1144 18541
1144 13325
1144 5336
1144 5637
1144 12526
1144 13752
1144 5859
1144 15825
1144 4851
1144 2680
1144 10668
1144 3036
1144 4581
1152 16525
1152 8599
1152 14381
1152 7194
1152 2284
1158 9177
1158 4099
1161 8359
1161 11840
1162 9978
1163 7360
1166 11354
1168 6298
1169 17160
1172 1205
1172 9296
1172 7157
1177 18632
1180 14110
1190 15207
1191 15329
1191 6243
1191 1830
1191 8037
1191 4007
1191 3825
1191 4848
1192 9846
1194 7240
1197 17255
1201 13976
1202 4421
1202 7394
1202 10796
1202 17972
1202 8372
1202 3103
1202 9114
1202 13098
1204 11215
1205 11009
1205 15734
1205 13502
1205 16832
1205 2927
1205 10769
1205 10325
1205 2646
1205 3827
1205 4118
1205 9365
1205 7396
1205 12573
1205 7176
1205 16083
1205 16184
1205 6102
1205 12314
1205 5813
1205 19098
1205 6825
1205 14651
1205 15079
1205 1695
1205 13529
1205 10050
1205 1521
1205 3966
1205 4229
1205 2571
1205 16016
1205 3105
1205 6203
1205 3209
1205 3524
1205 9885
1205 14165
1205 2817
1205 11457
1205 2116
1205 14995
1205 4264
1205 9102
1205 15936
1205 8284
1205 8384
1205 15127
1205 6599
1205 3545
1205 19354
1205 3710
1205 5816
1205 4647
1205 9548
1205 8504
1205 9471
1205 18264
1205 5112
1205 8322
1205 1842
1205 10960
1205 15592
1205 15762
1205 7757
1205 5431
1205 2629
1205 7830
1205 1769
1205 4531
1205 5574
1205 10799
1205 11013
1205 17731
1205 17299
1205 9974
1205 12164
1205 19168
1205 6624
1205 13020
1205 2605
1205 15692
1205 11773
1205 15704
1205 11464
1205 9551
1205 15591
1205 11483
1205 15567
1205 1406
1205 17616
1205 14862
1205 16435
1205 2969
1205 1237
1205 6729
1205 7006
1205 19344
1205 8209
1205 3854
1205 17389
1205 13596
1205 13326
1205 7079
1205 18639
1205 14341
1205 13632
1205 4808
1205 7379
1205 13685
1205 10981
1205 14283
1205 2388
1205 18771
1205 16387
1205 2523
1207 13483
1208 11748
1208 3983
1213 9588
1213 18670
1216 10896
1217 7716
1220 7754
1223 1412
1233 1544
1234 11478
1239 6903
1239 3429
1239 7636
1239 8900
1239 8165
1239 9256
1239 15362
1239 13756
1239 18946
1239 16527
1239 9826
1239 14768
1241 14110
1242 10537
1244 18402
1245 8492
1245 3434
1248 3800
1251 9884
1253 13940
1254 6794
1254 4895
1255 5377
1255 18561
1255 13343
1255 3338
1255 13254
1257 14593
1258 6357
1261 10383
1264 18696
1264 15920
1264 16066
1264 16378
1264 16983
1264 17295
1264 14335
1264 16514
1265 14593
1266 11460
1270 11059
1271 13940
1271 15788
1271 4336
1272 12737
1273 14896
1275 8420
1275 10839
1275 5677
1275 13507
1275 8015
1275 15976
1275 8878
1275 18698
1275 14007
1275 13873
1276 8372
1276 11488
1281 13981
1281 17013
1281 19053
1281 1886
1281 19267
1281 12773
1281 15685
1281 7055
1281 14748
1281 15855
1281 1687
1282 14421
1282 18305
1286 11049
1288 7168
1289 13940
1290 1544
1291 9519
1292 9588
1292 9873
1295 7243
1296 2999
1299 17488
1299 6790
1307 11354
1310 5427
1310 8447
1310 18415
1310 8665
1310 2262
1310 19419
1310 9520
1310 17403
1310 16332
1310 3120
1310 19053
1310 9582
1310 3194
1312 18801
1312 17616
1312 9453
1312 3484
1312 13533
1312 15167
1312 16354
1312 2154
1312 6465
1312 10614
1312 10754
1312 5205
1312 15783
1312 4581
1312 3110
1312 10405
1312 13269
1312 5229
1312 14812
1313 7058
1314 8208
1315 7398
1315 7360
1315 4108
1318 7398
1320 3082
1321 4833
1321 5367
1321 9031
1325 18649
1325 14840
1325 13668
1325 17670
1325 1971
1325 3634
1325 6035
1325 15802
1326 4340
1328 8348
1328 3171
1328 16934
1328 9256
1330 13470
1331 1416
1332 4340
1332 3190
1338 16500
1338 14110
1342 13361
1342 10205
1343 14110
1343 16500
1345 6563
1345 7657
1347 5796
1349 18794
1349 18949
1349 15823
1349 7712
1349 14988
1349 18812
1349 6407
1349 18873
1350 18236
1356 11354
1358 16327
1360 16156
1360 2805
1362 6117
1365 7157
1365 2040
1368 13787
1373 15498
1374 2241
1374 9334
1374 2532
1374 8253
1374 17470
1374 7919
1376 8424
1376 6936
1377 17187
1377 6296
1378 14896
1378 17277
1378 1544
1379 18765
1383 7821
1385 14110
1385 17139
1386 9943
1388 3136
1394 3573
1394 13940
1394 5908
1394 12524
1395 1515
1398 11399
1402 11593
1402 16065
1403 11270
1407 8337
1407 15102
1412 11715
1412 13138
1412 16715
1412 17642
1412 6884
1412 16650
1412 12870
1412 7845
1412 1793
1415 12623
1416 6815
1416 18276
1416 13761
1421 4878
1422 12737
1423 15498
1424 7774
1424 12092
1424 1792
1424 8998
1425 11478
1425 13989
1425 17026
1425 5104
1425 11755
1426 7265
1427 4855
1428 7407
1428 7571
1428 5926
1428 3153
1428 16190
1430 12612
1430 7992
1431 5321
1433 3235
1433 14870
1435 4170
1438 11045
1439 2970
1439 5336
1446 14893
1447 16443
1450 12725
1453 11586
1456 11372
1456 17729
1456 18957
1458 9723
1462 16967
1462 2199
1462 4177
1462 18548
1462 6501
1462 4846
1462 12427
1467 2983
1468 10594
1469 17277
1473 17194
1473 13086
1473 10484
1474 14357
1474 12492
1474 13656
1474 7240
1474 2003
1474 5389
1477 18404
1477 1873
1478 14495
1481 14110
1482 16342
1490 1873
1495 12210
1497 5106
1497 15788
1497 18820
1497 15819
1497 5467
1497 13640
1497 12524
1497 6098
1497 11468
1497 13682
1497 18831
1497 5440
1497 7706
1497 9047
1497 14765
1497 16087
1497 5609
1497 10212
1503 17149
1503 11582
1511 11233
1513 14614
1515 4765
1515 17285
1515 2623
1515 18576
1515 15571
1515 16241
1515 15811
1515 13352
1515 3237
1521 11751
1524 3631
1526 7398
1527 6340
1529 5908
1529 13940
1530 4345
1532 9059
1533 16067
1538 17785
1541 16494
1541 6039
1544 18459
1544 18855
1544 6106
1544 17412
1544 2110
1544 16822
1544 8931
1544 16684
1544 16976
1544 6733
1544 6092
1544 7379
1544 14502
1544 12360
1544 6769
1544 3541
1544 13662
1544 4976
1544 2078
1544 12280
1544 18814
1544 10088
1544 17102
1544 10740
1544 12972
1544 10087
1544 9809
1544 18242
1544 9861
1544 10976
1544 10216
1546 14915
1547 19352
1550 6148
1553 12623
1555 17116
1555 4411
1558 6684
1562 5797
1564 18276
1564 13511
1565 8947
1565 11157
1565 10896
1565 13511
1565 18276
1568 13619
1568 19177
1568 11215
1570 7804
1572 15458
1576 10766
1581 4402
1581 4421
1581 12592
1581 10769
1581 18145
1581 17599
1581 4254
1581 6511
1581 4893
1581 4262
1581 18702
1581 12877
1581 7193
1581 18897
1581 12015
1581 7438
1593 13306
1596 17645
1602 12938
1602 8654
1602 3959
1602 4468
1607 6149
1608 4396
1612 10744
1612 1711
1614 2670
1614 18396
1614 1679
1617 1631
1617 2793
1622 11478
1628 8141
1630 4532
1631 7540
1631 4544
1631 7103
1631 12677
1631 17624
1631 10604
1631 11902
1631 3930
1631 13940
1631 13472
1631 18843
1631 3418
1631 6861
1631 3931
1633 18576
1633 2912
1635 12388
1635 1694
1637 3227
1639 8319
1639 14991
1639 6293
1640 8816
1648 3800
1649 5515
1650 10431
1652 5515
1660 6810
1660 16606
1662 5319
1673 10961
1675 13277
1676 12722
1676 5463
1678 13604
1678 2304
1683 4419
1683 3643
1683 14638
1683 19590
1683 3806
1687 11494
1690 10931
1690 8214
1690 12489
1690 17175
1694 12256
1694 5821
1694 11701
1694 7634
1694 14508
1694 2049
1694 16378
1695 9991
1695 6149
1695 9873
1701 3240
1710 14707
1710 11494
1711 8081
1711 8262
1717 10162
1717 4564
1717 10513
1717 18349
1721 15498
1722 10319
1723 3515
1725 5796
1733 19376
1736 9805
1736 5055
1740 3682
1744 14110
1751 7398
1752 7992
1752 15095
1753 7778
1753 18069
1756 2358
1757 14268
1758 10857
1759 10205
1761 15247
1761 2263
1761 18852
1761 10945
1761 18337
1761 6693
1766 10136
1766 4860
1767 10966
1767 16780
1767 15635
1767 6715
1767 8374
1767 12287
1767 11450
1767 18462
1767 2291
1767 9628
1767 15826
1767 11449
1767 12256
1767 12745
1768 10957
1769 17824
1774 10383
1776 18804
1780 7157
1781 12737
1792 5348
1797 2591
1799 19117
1802 18048
1802 12612
1806 10933
1813 11932
1813 14843
1814 9487
1814 17817
1814 11372
1816 4172
1817 4267
1817 4850
1818 2999
1819 12416
1821 12612
1821 14381
1827 9877
1828 7804
1830 6125
1830 3011
1833 18317
1833 12340
1833 15698
1835 11372
1835 2137
1837 2304
1838 9537
1841 18922
1841 12563
1842 9873
1842 8708
1842 14626
1842 14358
1842 9296
1842 13261
1842 10383
1842 18670
1843 17187
1843 6296
1843 3983
1846 9873
1846 14358
1846 14626
1847 13068
1847 6798
1852 7419
1854 6532
1857 7901
1858 6199
1858 19020
1859 10872
1862 10383
1865 15620
1865 11354
1865 14798
1867 3213
1867 14845
1867 4736
1867 15583
1867 2859
1867 5995
1867 3269
1871 12789
1873 6877
1873 8481
1886 4172
1889 4418
1889 7058
1891 5265
1895 3408
1895 14008
1895 4638
1895 11211
1898 7360
1899 15511
1902 18811
1902 11783
1902 13415
1902 16175
1906 7795
1907 6644
1920 8599
1920 13227
1920 3282
1920 18594
1920 12859
1920 7948
1920 13602
1920 16169
1920 19426
1920 2468
1920 7980
1923 9588
1924 5908
1930 10896
1930 12387
1933 6572
1939 18964
1949 5908
1955 10205
1961 15077
1961 13379
1961 15078
1969 5089
1972 18497
1973 18644
1973 11461
1973 8583
1973 12306
1973 11454
1973 13934
1973 15038
1973 7561
1973 19413
1973 9670
1973 3528
1973 3627
1973 12617
1979 7804
1987 8372
1989 5796
1990 8319
1991 9276
1991 6884
2000 10575
2000 18697
2000 3721
2001 12016
2002 5306
2006 14110
2008 6149
2008 2347
2009 10015
2019 8372
2025 12737
2028 16210
2028 10537
2029 17360
2031 18792
2031 11399
2031 15498
2032 15468
2032 7659
2035 5532
2037 3287
2037 12832
2037 11450
2037 14206
2037 7155
2037 11417
2038 11049
2039 15767
2039 7854
2040 8038
2040 3273
2040 11848
2040 6771
2040 7994
2040 18895
2040 13140
2044 15615
2044 16770
2044 8093
2052 5908
2053 13976
2059 2177
2060 16361
2061 16770
2061 14754
2061 6794
2061 2518
2063 18950
2070 2943
2073 17596
2073 5081
2078 6684
2079 5265
2083 18936
2085 10872
2086 19152
2091 2674
2092 17474
2092 14044
2092 13815
2092 6454
2092 2367
2092 10163
2092 10854
2092 13703
2092 4986
2092 12825
2092 9299
2092 2936
2093 10297
2095 2999
2097 6684
2098 18771
2098 15665
2098 2571
2100 14716
2100 4861
2100 5949
2100 6860
2100 3799
2100 16764
2100 13068
2100 12381
2100 3255
2100 9466
2100 14689
2100 17493
2111 16790
2111 8086
2112 18253
2113 15231
2114 16230
2114 6147
2115 8417
2115 15788
2117 11986
2117 6798
2120 5348
2120 6077
2120 6798
2121 17255
2122 7304
2122 10981
2122 2530
2122 10068
2122 2988
2122 2999
2122 3018
2126 11644
2126 3764
2126 7240
2128 4197
2128 12054
2128 11302
2128 8947
2128 8417
2129 3781
2133 3631
2134 18736
2134 8508
2137 6611
2137 8968
2137 11424
2137 19088
2138 8460
2148 12789
2149 15006
2150 18411
2150 13761
2150 7258
2150 10123
2150 8447
2150 6207
2150 16250
2150 11044
2150 10446
2150 10617
2154 9296
2157 4175
2157 6913
2157 4260
2157 8533
2157 4157
2157 6982
2157 19502
2157 7431
2157 16987
2160 3801
2161 2177
2164 11457
2164 12404
2170 10931
2174 8748
2177 15081
2177 6125
2177 9353
2177 4180
2177 13009
2177 3039
2177 5268
2177 15304
2177 4822
2177 16521
2177 4803
2177 6613
2178 10383
2180 10065
2182 12612
2182 18048
2182 5513
2183 18048
2188 10406
2195 12054
2195 2393
2195 17337
2199 16256
2205 7398
2206 7078
2206 17072
2206 8588
2206 18245
2208 12416
2214 12612
2214 4073
2214 18048
2216 13277
2217 14280
2220 13281
2229 6197
2229 17811
2229 19342
2229 7854
2231 9173
2231 5021
2231 3017
2231 4246
2231 2460
2234 17255
2239 16253
2239 7595
2239 7992
2239 12612
2239 14381
2240 17548
2243 14479
2244 12827
2244 6273
2244 15952
2244 12416
2255 3453
2255 5784
2255 11200
2261 14147
2262 18585
2262 6665
2263 18945
2268 5265
2268 4643
2268 3764
2268 7240
2272 12742
2273 17439
2273 15260
2273 7101
2273 14047
2273 6657
2278 11751
2281 11659
2282 5515
2286 15036
2293 15004
2300 17349
2300 15666
2301 8384
2301 11483
2301 3793
2304 13017
2304 17726
2304 5703
2304 7136
2304 10072
2304 12885
2304 7929
2304 17725
2304 13972
2304 13202
2304 6727
2304 13604
2304 11024
2304 9184
2304 14971
2304 13043
2304 11711
2304 13385
2304 3744
2304 17409
2304 19710
2306 7157
2308 9296
2308 9447
2308 16144
2310 10973
2317 3407
2322 18728
2322 11456
2331 11550
2333 4248
2335 8372
2336 15788
2336 9910
2338 15095
2338 14381
2338 12612
2338 7992
2338 9877
2339 11751
2339 9588
2343 10312
2343 5046
2343 17026
2344 10872
2346 14626
2346 18962
2352 14460
2352 2424
2352 11569
2361 16843
2361 6710
2361 8128
2361 9614
2361 5108
2361 2502
2361 6388
2361 12998
2361 18234
2361 13266
2362 13231
2365 6147
2365 11007
2365 17337
2370 10285
2372 15939
2373 10088
2377 16714
2377 13511
2385 2553
2388 5796
2390 7992
2393 11872
2393 12561
2393 8998
2393 3773
2393 4702
2396 4620
2398 15589
2400 2581
2401 9765
2406 13940
2408 18377
2408 3793
2410 2999
2416 10254
2417 11049
2417 6531
2422 8372
2422 6837
2425 2553
2425 13963
2425 3922
2425 8708
2425 13800
2426 14575
2437 8417
2441 3383
2460 13483
2461 2943
2464 3136
2474 3922
2477 3458
2495 5747
2495 4540
2500 15615
2503 17255
2505 12741
2505 12019
2506 6428
2513 15432
2516 7992
2522 9296
2523 11399
2523 18216
2526 18736
2526 12789
2527 4153
2527 10358
2527 4576
2527 19705
2530 3779
2533 6798
2534 16392
2536 15735
2539 15353
2539 17099
2539 4584
2539 18692
2539 13887
2539 15924
2539 10975
2539 19655
2543 7992
2549 6205
2550 10204
2553 4702
2553 13844
2553 8340
2553 4086
2553 7487
2553 6655
2553 12000
2553 11816
2553 19304
2553 11275
2553 5595
2553 7015
2553 9989
2553 14312
2553 7485
2553 8171
2553 7416
2555 5265
2557 11233
2559 19236
2559 12864
2563 3882
2565 3577
2565 7056
2567 6125
2567 9892
2567 16916
2571 18588
2571 3831
2571 17824
2571 19001
2571 10895
2571 16926
2571 10592
2571 12092
2571 12298
2571 10885
2571 9602
2571 15938
2571 3239
2571 15155
2571 8741
2571 17819
2571 11177
2571 18876
2571 15989
2571 3451
2571 10429
2571 13502
2572 15432
2573 15945
2573 11548
2573 12278
2573 5507
2573 11168
2573 4450
2573 4581
2577 17938
2578 5515
2581 10858
2581 13006
2581 6402
2581 2613
2581 9572
2581 15701
2581 13859
2581 2689
2581 4730
2581 12005
2584 9588
2590 11007
2591 18877
2591 8372
2591 10088
2591 6153
2591 13713
2591 10087
2591 5963
2593 14479
2595 15458
2597 15550
2604 10205
2609 10065
2610 6169
2615 2645
2621 9315
2623 6684
2623 11580
2623 14110
2624 12726
2625 3190
2625 18430
2625 4917
2631 11748
2636 5137
2645 5722
2645 15677
2645 14317
2645 3216
2645 5847
2645 5348
2645 7485
2645 13464
2645 15356
2645 7853
2645 13193
2645 8104
2645 7130
2645 11816
2645 11113
2647 11307
2654 13787
2654 15231
2655 8277
2655 8372
2655 11059
2656 10766
2665 9470
2665 13402
2666 9451
2666 18087
2666 10857
2666 3474
2666 18443
2666 13351
2666 14905
2666 6570
2669 4963
2669 8372
2670 16427
2670 2992
2670 8331
2670 16318
2670 16260
2670 4177
2670 5872
2670 15542
2670 16770
2672 12150
2672 9041
2673 4371
2674 14637
2674 12474
2674 4198
2674 15390
2674 8629
2674 18894
2674 9906
2674 10559
2674 15161
2674 7997
2674 5467
2674 10167
2674 7594
2674 3956
2674 11866
2674 12156
2674 7659
2674 7884
2674 5808
2674 10269
2674 18740
2679 15584
2679 11618
2695 13829
2695 15665
2696 9576
2699 11869
2699 11104
2699 11611
2699 14970
2700 18381
2700 7311
2700 18225
2702 10470
2703 9588
2708 14421
2708 15788
2708 8382
2709 4620
2713 18307
2716 3296
2716 15168
2717 12204
2722 12804
2724 6242
2733 14110
2733 16500
2734 14110
2735 9045
2735 5526
2735 10451
2735 4246
2735 7766
2735 10136
2735 13083
2735 15600
2735 8687
2735 15916
2735 4980
2735 17645
2735 4654
2735 8666
2741 13846
2743 3286
2743 3846
2753 18053
2753 7791
2753 2891
2753 7474
2753 8613
2753 14284
2753 8005
2753 18967
2753 3156
2753 17529
2753 9306
2754 6844
2756 14619
2759 12725
2759 11503
2759 5925
2773 16152
2773 11233
2774 14923
2784 9865
2789 12725
2790 12811
2790 17026
2790 15824
2793 11202
2793 17379
2793 16549
2793 14057
2793 11040
2793 16440
2793 11063
2793 11045
2793 8697
2793 4672
2793 8859
2793 11353
2793 11442
2793 10355
2793 15293
2796 5715
2796 10076
2796 13244
2797 7370
2797 11848
2797 15467
2798 18402
2798 11986
2805 7010
2806 5116
2809 7716
2815 17026
2821 5336
2822 7818
2824 18936
2827 12579
2827 11083
2834 4077
2834 5226
2835 18337
2835 17206
2835 7481
2835 7213
2837 17994
2838 15804
2838 18858
2838 8093
2840 4460
2841 10751
2842 14288
2844 6690
2847 12668
2847 8248
2847 5187
2848 3663
2848 6851
2853 10383
2854 11372
2857 5369
2862 14843
2862 7992
2862 3085
2865 3983
2869 13200
2869 16229
2869 18839
2869 17911
2877 6607
2880 11580
2884 5108
2897 8993
2906 5515
2911 7754
2913 5313
2914 6296
2914 5306
2915 6240
2920 15982
2933 11494
2936 13703
2936 17474
2936 14044
2936 14045
2937 10961
2941 16361
2943 9412
2943 4416
2943 13400
2943 17366
2943 6222
2943 5519
2943 5966
2943 9509
2943 14746
2948 11049
2950 5089
2951 16944
2954 17255
2960 11778
2969 17731
2969 18627
2969 15704
2975 14991
2981 4343
2983 16342
2983 4514
2983 10662
2983 18769
2983 4164
2983 14277
2983 13143
2983 7496
2983 12876
2983 13755
2983 10139
2987 11869
2988 3018
2988 13179
2988 11507
2988 6320
2988 2999
2988 6811
2992 5042
2994 15615
2995 18962
2999 10272
2999 11808
2999 10068
2999 10981
2999 10804
2999 15963
2999 10802
2999 7715
2999 13038
2999 16298
2999 11499
2999 3018
2999 7516
2999 3793
2999 7438
2999 8818
2999 11996
2999 6517
2999 11483
2999 6058
2999 9901
2999 6811
2999 8655
2999 13376
2999 3105
2999 12404
2999 12567
2999 16764
2999 6511
3002 17192
3002 5639
3003 8335
3004 16967
3008 5515
3011 15329
3011 13009
3013 10088
3013 14652
3014 13261
3016 7400
3017 5428
3017 17026
3017 15498
3018 5565
3022 13612
3022 15031
3027 17994
3032 4411
3042 9177
3043 6205
3045 7766
3052 6798
3054 11083
3056 5081
3056 7027
3056 6075
3062 11359
3063 5386
3070 5947
3073 18670
3073 6996
3073 8708
3073 8825
3076 13045
3082 14463
3082 17727
3082 18957
3082 13313
3082 4649
3082 11372
3082 8551
3082 6478
3087 3631
3092 5336
3101 7210
3105 3793
3107 6677
3107 11511
3107 3870
3107 9881
3110 6798
3110 5796
3126 17603
3127 14358
3127 14626
3130 11478
3136 18762
3136 5567
3136 15278
3136 6111
3136 14425
3136 18659
3136 14641
3136 8131
3136 7340
3136 18117
3136 6628
3136 6538
3136 11795
3136 3344
3136 11970
3136 7403
3136 6812
3136 6216
3136 4487
3136 19525
3136 8015
3136 4837
3136 3224
3136 12550
3136 9718
3136 13275
3136 7116
3136 5661
3136 17364
3136 3600
3137 11372
3142 11372
3146 17548
3146 18736
3146 18190
3149 5194
3153 16719
3153 19486
3154 13943
3154 16333
3155 7192
3155 5156
3157 3779
3161 10312
3161 6301
3163 11694
3163 16929
3163 12587
3163 3444
3163 10070
3163 15789
3171 11838
3182 12099
3182 16145
3182 17113
3184 5100
3187 7653
3190 7778
3190 18069
3190 17771
3190 10749
3195 15224
3195 17859
3195 16360
3201 16560
3201 5994
3201 10433
3201 15769
3201 16051
3204 8263
3207 17026
3207 5054
3207 11478
3208 7716
3209 18670
3216 7240
3218 14326
3218 12563
3218 5614
3224 14523
3224 13507
3225 4077
3227 10471
3227 3794
3227 10181
3228 9765
3229 8947
3229 18216
3229 6798
3232 17026
3236 17724
3236 12678
3237 17771
3238 4876
3239 5104
3239 8125
3240 12369
3240 6923
3240 15711
3240 7366
3240 19020
3240 16560
3240 16167
3240 15640
3240 16731
3240 18558
3241 9053
3244 5348
3244 8248
3245 18962
3247 5515
3249 17892
3249 18069
3250 12789
3254 10205
3255 18936
3255 4861
3255 5087
3255 13068
3257 18791
3257 9877
3260 17771
3271 7716
3273 12498
3273 15737
3273 19424
3274 13068
3279 13261
3279 14626
3280 14288
3283 9877
3284 5104
3286 7211
3287 14523
3287 18762
3287 17046
3287 14248
3290 16770
3293 7210
3296 10966
3296 13605
3299 12259
3303 7360
3303 7398
3306 6833
3306 10575
3306 7297
3307 17026
3311 18216
3322 5108
3325 12247
3326 7360
3327 6125
3328 15982
3331 11631
3331 11372
3331 18957
3332 8484
3333 10225
3333 6077
3333 17255
3333 5348
3335 16670
3335 3984
3337 12904
3342 12253
3343 17198
3343 17122
3350 9487
3353 10568
3357 10388
3360 15550
3361 7691
3361 3817
3361 13121
3361 10265
3361 9078
3361 15794
3361 3540
3361 3715
3365 7264
3365 8372
3376 9873
3377 3781
3382 7899
3383 12512
3383 16684
3383 16887
3383 11717
3385 10977
3391 4152
3391 14997
3391 8356
3391 5290
3393 5089
3396 3579
3396 17538
3396 14857
3397 10162
3405 10764
3405 10351
3405 19507
3407 10422
3407 10265
3407 19587
3407 4533
3407 16033
3408 10633
3412 7716
3414 11359
3420 9910
3425 5654
3428 11725
3429 8165
3432 8572
3434 12105
3441 9536
3441 12054
3441 10896
3441 5908
3441 19680
3450 18430
3453 5018
3454 9877
3455 14893
3459 11748
3468 7992
3468 6242
3470 3800
3476 10744
3478 10931
3481 7854
3492 17337
3495 12678
3495 6273
3496 9805
3500 7021
3505 8947
3507 7754
3517 19212
3519 3543
3522 17255
3523 5908
3523 13940
3524 16361
3524 13787
3531 16537
3531 10537
3531 17513
3539 5375
3540 14357
3540 5796
3540 10896
3543 5158
3543 7637
3543 9085
3543 7954
3543 18866
3543 8372
3543 3741
3543 8509
3543 11938
3543 14323
3544 15788
3544 18402
3544 6798
3544 7240
3544 8947
3550 13083
3560 17932
3560 6511
3560 14988
3564 3781
3568 5908
3568 18216
3573 4181
3573 18670
3573 7665
3573 14305
3573 18889
3573 9083
3573 7150
3573 13717
3573 10397
3573 17483
3573 16129
3573 4086
3577 16665
3577 18736
3577 5288
3579 9203
3579 11677
3582 17807
3583 5054
3583 7301
3587 4077
3590 19050
3590 12904
3598 14831
3603 4581
3606 17415
3606 16770
3609 11372
3610 7168
3614 9651
3619 11277
3619 5728
3625 11751
3630 3896
3631 17881
3631 13929
3631 3731
3631 6890
3631 3783
3631 9435
3631 4604
3631 7794
3631 7812
3633 8028
3634 12612
3637 13336
3643 17961
3651 9877
3653 8372
3653 11372
3658 14110
3663 9592
3663 5557
3665 18087
3666 11895
3667 15498
3667 10088
3667 8834
3669 9877
3671 11080
3674 9320
3675 7838
3675 10457
3678 4876
3683 17811
3683 4371
3686 18680
3686 12066
3695 13704
3698 11244
3705 14707
3706 4240
3709 6319
3712 18743
3713 6994
3713 8372
3713 7074
3714 12316
3715 13511
3715 5796
3716 12228
3717 12019
3721 3800
3728 11727
3729 18872
3732 6242
3733 18497
3736 16500
3738 9491
3738 8382
3738 19483
3739 11366
3747 15922
3747 8593
3754 12926
3754 9646
3756 4389
3756 16233
3756 18436
3757 7866
3761 13068
3764 16528
3764 18903
3767 9765
3768 12304
3771 10103
3772 11372
3772 6700
3773 5681
3779 15734
3779 8655
3781 17244
3781 10184
3781 11138
3781 15954
3781 5048
3781 7585
3781 8271
3781 4580
3781 19019
3781 6483
3781 6243
3781 7481
3781 4803
3781 11447
3781 5045
3781 8308
3781 7776
3781 10949
3782 12579
3782 13068
3782 12361
3791 7992
3793 11240
3793 15893
3793 8384
3793 14727
3793 6517
3793 13185
3793 10804
3793 8296
3799 13068
3800 6218
3800 4841
3800 12513
3800 15533
3800 17462
3800 16776
3800 5176
3800 9197
3800 16113
3800 13203
3800 19254
3800 14608
3800 17780
3800 19636
3800 19650
3800 18447
3801 4315
3801 10595
3801 13807
3801 6975
3802 8567
3805 15498
3805 12755
3805 17026
3805 4862
3809 10982
3817 14821
3817 12905
3817 10158
3818 7754
3820 6684
3826 4529
3831 19289
3831 8382
3831 9203
3831 4955
3831 7654
3838 4938
3840 5402
3840 15841
3841 8834
3842 4876
3846 13983
3848 9611
3848 5983
3854 9296
3858 6296
3860 7992
3865 9120
3872 16367
3872 4878
3873 7243
3874 7120
3874 13807
3874 6565
3878 8849
3878 13946
3878 11185
3885 3983
3886 9865
3890 15479
3890 12643
3890 13795
3890 8009
3890 10319
3894 6190
3896 11800
3900 5108
3903 13940
3906 11354
3909 5565
3912 16925
3918 5796
3918 8708
3922 5340
3922 9060
3922 4643
3922 9580
3922 8417
3922 11278
3922 9595
3922 5265
3922 15266
3922 8598
3922 11816
3922 17193
3922 14284
3923 5515
3923 7901
3929 15438
3929 9425
3929 14123
3930 8708
3930 5920
3931 8708
3932 14216
3935 5489
3936 14843
3940 13787
3942 10084
3943 7696
3943 18426
3943 15827
3946 13170
3949 9177
3951 12253
3952 3963
3952 7765
3952 10335
3959 7756
3963 14593
3965 19203
3971 18155
3977 16477
3983 5763
3983 17190
3983 7139
3983 5355
3983 6790
3983 19187
3983 5480
3983 8972
3983 17518
3983 11450
3983 11449
3983 4292
3983 14810
3983 18747
3983 8569
3983 14609
3983 4401
3984 17026
3984 15141
3990 16557
3992 14109
4007 6125
4007 8269
4007 14016
4017 10436
4017 7240
4017 5262
4020 10766
4020 7360
4022 4275
4033 17026
4036 15793
4040 12884
4040 17105
4042 15522
4042 10181
4042 16347
4043 6487
4043 4579
4045 16264
4045 14553
4045 16547
4045 12416
4049 17892
4051 7168
4051 14288
4056 8183
4058 10537
4058 13434
4059 17006
4064 10766
4067 6487
4072 6296
4073 9723
4073 18840
4073 9390
4073 12789
4077 5639
4077 6712
4077 9119
4077 4837
4077 10899
4077 4631
4077 8174
4077 5760
4077 4632
4081 10759
4081 12479
4086 4336
4086 18975
4086 15637
4089 18921
4091 16361
4095 13511
4099 9115
4099 13662
4099 15342
4099 13987
4099 11894
4099 11372
4099 16468
4099 14869
4099 17687
4099 12431
4099 6854
4099 4152
4099 14184
4103 13218
4103 12760
4103 13157
4103 17831
4103 14040
4103 10770
4103 4224
4103 16729
4103 17550
4103 6373
4104 13152
4104 11895
4108 7360
4112 17603
4123 7766
4130 13940
4130 5908
4131 6293
4133 6684
4142 10958
4143 9547
4143 15442
4149 15615
4149 14288
4152 16056
4152 8372
4152 11372
4152 18497
4155 9568
4155 19141
4161 14110
4165 14654
4165 7360
4165 14134
4165 14149
4165 7496
4171 9177
4172 7300
4172 8903
4172 5732
4172 15198
4172 11998
4173 8708
4173 11357
4177 17206
4181 10383
4181 4336
4181 15788
4181 9538
4184 12340
4187 6169
4190 13231
4193 4876
4194 15788
4194 18670
4197 7307
4197 11469
4197 10256
4197 18843
4197 9083
4197 6081
4197 18741
4197 8945
4197 16826
4197 6208
4197 11275
4197 11188
4197 11902
4197 12349
4200 16500
4200 14110
4206 18337
4210 5797
4210 18069
4214 7992
4214 10388
4214 12612
4214 9877
4214 14381
4215 13045
4217 8816
4221 9075
4222 11580
4234 11820
4234 4938
4239 6174
4239 16794
4239 18701
4240 17287
4240 18369
4245 8585
4245 13560
4248 5796
4248 6495
4248 7289
4248 16117
4248 4684
4248 12099
4253 10513
4254 6411
4256 9588
4262 10014
4262 19270
4262 10088
4263 5908
4263 10896
4265 19161
4267 8748
4267 10247
4273 7668
4273 9845
4281 15498
4281 15947
4281 18792
4284 15272
4289 14567
4291 4813
4294 17026
4295 18936
4297 11372
4298 11537
4298 11372
4307 4620
4308 9324
4316 19373
4316 9749
4318 7168
4322 11582
4323 11007
4324 11277
4326 5943
4329 15572
4329 18370
4330 5265
4332 8816
4332 4503
4333 14862
4336 8426
4336 17053
4336 15738
4336 18820
4336 11898
4336 9014
4339 13849
4340 18497
4340 18069
4340 11372
4340 5797
4343 17128
4343 5565
4343 9466
4343 11211
4343 17315
4343 18811
4343 14127
4343 8030
4343 11456
4343 4440
4343 4397
4343 7307
4345 15614
4346 6077
4348 13980
4356 18736
4362 14463
4363 10431
4366 10431
4369 10594
4373 5515
4376 10226
4384 4442
4388 5108
4396 16766
4396 18667
4397 12926
4399 8454
4399 14893
4400 13940
4400 15788
4400 8708
4402 16945
4402 18792
4402 15498
4403 9249
4403 4798
4403 13677
4404 18766
4404 7979
4404 5470
4404 7861
4404 13114
4404 7992
4404 4929
4404 13405
4405 15788
4411 11732
4411 11938
4411 9384
4411 11829
4411 7614
4411 16798
4421 15498
4421 6684
4422 4833
4432 6293
4434 17335
4437 11233
4440 14926
4440 11260
4441 10359
4442 15431
4442 17203
4442 4737
4442 7449
4442 11921
4442 11476
4442 7480
4442 4624
4442 6652
4442 18178
4445 13261
4445 10383
4448 10383
4450 9407
4450 5060
4450 7230
4451 12564
4453 17166
4455 11644
4460 9535
4460 6173
4460 16997
4464 14358
4468 7756
4469 14626
4472 4813
4482 8225
4482 18580
4495 5515
4498 13730
4503 16868
4503 15682
4503 7901
4503 6690
4506 7901
4510 5908
4515 6992
4515 15395
4515 12673
4515 5434
4515 7294
4515 11310
4516 12278
4521 9813
4521 6107
4522 10383
4527 10896
4529 8530
4529 11225
4529 12272
4529 8864
4529 4794
4533 17624
4533 13261
4533 8344
4536 7966
4537 17255
4539 7804
4542 15841
4544 13472
4544 13940
4546 18670
4554 6077
4554 11157
4554 5796
4555 11233
4559 12340
4559 17187
4559 7829
4559 10872
4561 10725
4563 17664
4563 18614
4563 12974
4564 17006
4572 14207
4581 18736
4586 6684
4586 9910
4588 15982
4600 13541
4609 17415
4609 6273
4609 14216
4612 13677
4616 12334
4617 9181
4620 17279
4620 12712
4620 13506
4620 15415
4620 7006
4620 15204
4620 13917
4620 8880
4620 6271
4620 16980
4620 12057
4620 11718
4620 15421
4620 11941
4620 7195
4620 9423
4622 10113
4622 16922
4622 12335
4622 14707
4622 8025
4622 11670
4625 10815
4642 6149
4642 12623
4643 5340
4643 12466
4644 17069
4647 10654
4647 11751
4652 5920
4653 5428
4654 8915
4654 7720
4654 18866
4654 7793
4654 5810
4654 13662
4654 7875
4654 17419
4654 10035
4654 18748
4654 7456
4654 5978
4654 9593
4654 14511
4655 6798
4655 10896
4657 18791
4657 13405
4662 15188
4667 8708
4669 14721
4669 8288
4669 8874
4669 10430
4669 12948
4671 17192
4675 12092
4675 5569
4679 13925
4692 9765
4694 5306
4694 17771
4695 8295
4695 16268
4696 5054
4696 17026
4696 13989
4702 17337
4702 12054
4706 17673
4706 4974
4707 13983
4708 5054
4708 7301
4722 17006
4722 5027
4722 14447
4725 12512
4733 15698
4733 6296
4733 6238
4743 16288
4743 11863
4743 8577
4745 13511
4751 10383
4752 12789
4752 5336
4755 5728
4758 7481
4759 13277
4766 7377
4772 10203
4773 12741
4774 13604
4775 18069
4775 5797
4782 12587
4783 16824
4787 13010
4787 12806
4789 9177
4791 12714
4791 5306
4791 17771
4795 17933
4799 14421
4803 10521
4806 8407
4806 11869
4811 15615
4813 10306
4813 6349
4813 5723
4813 18470
4813 13384
4813 18103
4813 19312
4813 11852
4813 12956
4813 15662
4813 13689
4813 8751
4813 15325
4813 17693
4813 14106
4813 9370
4813 16055
4814 16958
4815 15545
4820 13761
4823 13277
4832 15841
4833 10498
4833 15362
4833 7527
4833 6702
4833 13143
4833 12876
4833 18644
4833 11460
4834 10744
4837 6205
4838 18035
4839 12884
4843 10203
4846 9865
4846 13167
4848 8368
4849 8372
4850 12177
4850 10434
4854 14358
4860 8524
4860 11372
4860 18190
4861 9466
4861 13068
4862 4912
4862 5104
4862 11478
4862 17116
4862 17072
4862 13989
4862 8817
4862 14006
4862 18739
4862 5054
4862 14910
4876 12034
4876 5108
4876 11988
4876 16082
4876 10655
4876 11379
4876 8518
4876 10276
4876 16944
4876 9926
4876 5295
4876 4907
4878 12337
4878 13890
4878 13739
4878 18816
4878 14997
4878 16730
4878 9485
4879 6293
4893 6684
4894 13940
4895 17513
4895 8141
4896 5318
4896 6970
4900 11016
4909 7095
4909 9513
4912 13989
4912 17026
4912 8372
4914 7243
4914 7829
4917 15909
4917 13077
4917 13706
4917 17717
4917 7720
4917 11053
4917 11894
4923 17451
4923 7992
4924 10409
4924 7868
4924 5288
4929 7992
4929 13444
4929 10388
4932 8372
4932 17026
4932 18497
4932 5104
4936 15615
4938 13761
4938 18436
4938 7214
4938 18087
4941 7666
4941 6352
4942 9444
4942 8372
4948 13940
4958 13435
4958 12298
4960 13291
4961 5336
4963 18962
4967 5565
4976 15498
4976 6684
4977 17972
4977 17229
4980 17729
4980 8125
4980 17026
4985 6638
4985 8903
4985 15860
4985 7048
4985 8223
4985 11541
4985 9483
4985 7740
4985 11652
4985 14148
4985 10688
4985 7300
4985 18529
4985 8620
4985 7956
4985 14362
4989 5306
4989 12067
4989 9749
4998 19506
4998 8494
5007 5906
5012 17989
5015 5930
5021 8125
5025 10704
5025 9628
5025 18375
5025 9334
5025 11412
5027 9597
5029 18957
5029 8816
5029 11372
5029 18505
5031 7829
5039 14836
5039 17164
5042 11778
5042 6631
5048 14647
5051 5515
5051 15615
5051 7901
5054 18093
5054 17019
5054 16687
5054 8372
5054 7452
5054 11894
5054 9548
5054 18733
5054 17025
5054 14654
5054 17026
5054 12326
5056 15615
5057 15726
5060 5643
5060 7836
5065 5125
5066 6798
5071 14626
5074 13983
5077 5089
5081 16627
5081 9611
5081 9588
5082 18284
5082 16011
5085 6167
5085 11275
5085 16033
5087 18697
5087 13068
5087 8629
5089 10550
5089 18144
5089 7850
5089 7740
5089 13479
5089 7956
5089 13517
5089 15864
5089 15205
5091 8297
5093 13787
5102 15982
5102 9576
5103 17026
5104 11716
5104 18739
5104 13882
5104 18093
5104 7452
5104 6411
5104 11372
5104 13474
5104 15262
5104 17019
5104 17165
5104 11894
5104 17025
5104 8823
5104 17026
5104 18787
5104 9921
5104 18733
5104 15864
5104 11755
5104 6244
5104 9548
5108 11288
5108 12066
5108 16896
5108 11613
5108 14021
5108 7852
5108 14092
5108 16541
5115 6205
5116 8158
5116 12646
5116 15031
5116 10420
5116 14625
5117 14893
5119 15884
5120 11233
5122 13940
5125 5467
5129 15982
5136 10638
5140 9597
5144 15036
5146 13228
5149 15247
5149 6504
5157 14827
5157 18211
5157 7561
5157 15971
5159 19516
5161 18804
5167 8372
5167 16304
5167 8189
5167 13004
5174 19165
5174 17026
5178 9129
5178 13261
5178 5265
5180 17771
5180 12737
5184 14519
5187 10875
5187 18277
5189 14843
5194 11605
5194 5566
5194 12064
5195 9576
5198 17026
5198 5613
5207 15788
5209 6771
5210 10464
5210 18442
5210 18769
5211 13475
5215 7653
5222 10492
5222 9227
5222 18464
5224 18305
5226 8508
5227 18809
5242 6125
5243 5842
5245 15024
5254 7063
5254 13633
5254 14626
5254 18786
5254 16697
5256 7240
5261 17023
5261 8092
5261 6906
5261 8378
5261 18968
5261 17877
5261 7441
5261 7401
5261 13440
5261 6344
5265 12066
5265 13200
5265 11753
5265 12251
5265 17193
5265 19306
5265 9954
5265 14821
5265 16924
5265 12657
5265 10364
5265 6738
5265 13301
5265 16375
5276 17026
5276 13989
5288 15663
5288 16229
5295 11379
5305 6296
5306 11073
5306 12340
5306 12643
5306 12323
5306 11274
5306 8102
5306 12067
5306 16217
5306 10872
5306 7866
5306 12202
5306 17684
5306 15398
5306 6660
5306 9473
5306 15503
5306 15702
5307 14924
5308 17255
5309 12742
5311 17912
5312 17792
5313 19198
5313 16061
5313 12747
5313 16215
5313 18800
5313 6799
5317 17335
5319 18221
5319 18224
5319 17134
5319 6360
5319 14566
5319 8509
5321 17312
5324 18736
5324 7901
5324 5336
5324 12419
5324 12789
5324 16937
5326 11956
5326 18638
5329 11059
5332 7716
5336 18717
5336 11002
5336 17859
5336 9864
5336 19129
5336 7739
5336 14647
5336 19193
5336 7388
5336 11024
5336 12593
5336 6577
5336 5497
5336 5500
5336 8221
5336 18736
5336 7776
5336 6869
5336 11822
5336 12789
5336 12480
5336 15384
5336 9070
5336 12457
5336 7089
5336 17660
5338 17056
5338 8293
5340 13261
5340 6798
5342 10441
5342 8862
5343 5515
5348 17701
5348 18870
5348 6077
5348 10540
5348 9409
5348 6527
5348 13261
5348 8708
5348 8426
5348 15114
5348 17649
5348 11084
5348 14727
5348 6347
5348 7853
5348 13549
5348 9490
5348 19029
5348 10383
5348 11898
5348 10256
5348 8104
5348 16993
5348 7370
5353 19380
5353 11059
5356 12904
5356 12025
5356 13511
5359 5635
5360 7992
5361 7983
5366 11354
5368 13266
5368 11644
5369 9294
5369 12216
5369 9941
5371 12175
5372 14626
5375 9286
5375 15446
5375 11747
5375 19441
5386 17912
5386 8460
5386 11760
5393 10383
5393 8708
5394 12742
5398 13983
5407 10925
5407 13444
5425 10431
5427 17912
5427 15942
5428 13688
5428 11409
5428 6244
5430 8280
5430 18957
5431 13844
5431 10896
5431 8527
5431 9545
5431 13963
5431 15484
5434 9039
5434 19691
5440 10383
5440 6077
5457 7398
5458 10844
5463 17378
5466 9737
5467 11359
5467 10383
5467 13940
5467 14123
5470 7992
5470 10388
5485 17892
5488 14843
5494 6606
5494 8372
5496 10708
5497 18736
5500 18736
5500 12789
5505 18839
5507 17727
5510 16676
5513 14519
5513 9451
5513 6242
5513 10938
5513 13471
5513 18911
5513 5564
5513 11524
5513 18632
5513 18986
5515 15187
5515 8615
5515 15303
5515 10825
5515 11271
5515 12736
5515 6213
5515 18473
5515 6012
5515 18214
5515 6298
5515 8310
5515 15638
5515 14617
5515 19422
5515 16564
5515 12183
5515 10790
5515 15290
5515 9524
5518 18792
5522 17239
5524 17337
5525 8572
5529 17912
5532 10036
5532 11548
5534 11751
5535 8708
5536 16925
5540 7992
5542 10312
5545 6043
5549 6205
5550 7630
5550 11644
5550 13940
5551 16721
5555 15488
5559 18936
5560 15982
5560 16714
5565 7892
5565 7797
5565 14478
5565 15944
5565 6185
5565 9471
5565 13364
5565 16235
5565 8774
5565 6083
5565 12132
5565 18474
5565 10068
5565 7406
5568 8372
5569 6504
5569 9203
5569 8382
5571 10200
5571 9993
5571 9418
5586 6273
5587 16032
5588 7398
5590 9877
5595 17255
5595 14357
5598 10744
5604 17026
5605 14924
5605 18317
5610 8372
5614 8220
5614 15224
5614 6210
5614 9215
5615 9215
5616 11150
5618 12962
5627 13604
5632 9226
5632 10933
5634 6800
5634 17205
5634 17701
5636 7899
5639 9539
5640 13083
5641 14110
5643 8049
5654 17788
5661 18762
5661 17046
5663 9877
5665 16997
5666 18105
5666 19214
5670 15698
5673 12623
5696 11044
5698 18216
5698 13511
5698 8417
5704 19256
5711 9265
5715 7733
5715 10308
5715 7756
5716 19194
5716 15095
5716 10388
5716 7992
5716 9877
5720 7168
5725 8715
5727 12539
5728 12342
5728 12742
5728 6798
5728 16379
5728 11277
5728 15053
5728 14396
5728 10141
5728 12348
5728 14128
5728 11621
5730 12725
5737 16396
5739 11366
5744 5851
5750 8372
5752 14110
5752 16500
5754 5908
5756 5908
5762 7899
5763 13787
5773 9588
5776 18068
5776 10951
5776 11746
5778 18276
5779 9873
5792 8572
5793 14972
5796 9519
5796 18402
5796 13121
5796 9490
5796 18802
5796 14127
5796 14194
5796 17193
5796 8947
5796 8598
5796 15044
5796 9839
5796 18744
5796 13020
5796 11188
5796 18109
5796 7015
5796 18395
5796 15780
5796 6872
5796 9847
5796 7296
5797 7445
5797 10647
5797 12763
5797 6510
5797 8966
5798 8656
5798 15838
5800 14647
5802 14721
5804 18704
5804 19054
5804 14374
5804 13260
5804 15791
5804 12337
5804 15446
5804 15570
5804 8706
5804 5829
5804 9485
5804 15416
5804 16730
5804 10643
5809 13940
5812 17603
5827 18489
5829 13285
5830 15498
5833 11157
5839 15788
5842 9564
5842 8998
5842 14385
5842 7063
5843 13940
5848 9337
5854 13940
5854 16779
5854 18357
5854 14008
5854 16826
5859 18736
5859 12789
5870 6242
5871 11049
5871 18497
5872 14647
5872 15306
5872 17206
5883 14858
5884 17932
5884 13511
5896 15796
5898 11059
5899 17930
5905 9120
5908 17370
5908 19238
5908 7842
5908 19314
5908 9014
5908 17616
5908 13844
5908 12349
5908 18719
5908 17899
5908 17332
5908 15250
5908 14175
5908 9130
5908 12926
5908 11468
5908 10397
5908 12135
5908 8122
5908 11335
5908 15025
5908 10198
5910 16373
5910 18892
5914 10431
5915 12361
5918 7716
5918 10404
5920 14568
5920 12511
5920 18758
5920 14175
5920 6920
5920 18053
5920 13719
5920 8352
5920 11335
5920 12332
5920 10383
5920 16197
5920 15044
5920 7952
5920 18643
5928 10766
5930 11216
5931 7423
5940 13483
5943 17849
5943 18276
5943 10431
5946 16171
5946 19693
5948 16714
5949 6320
5949 12404
5960 18216
5962 8424
5962 7465
5968 18402
5971 15773
5972 13787
5976 17994
5979 7157
5989 7822
5993 15006
5993 17892
5998 17560
5999 18804
6000 15803
6000 12585
6003 17281
6019 10872
6023 13010
6025 15572
6027 12615
6030 17192
6038 13971
6039 8372
6039 11372
6039 10487
6058 7406
6061 15813
6063 9646
6066 15384
6070 10388
6074 14212
6075 9611
6075 12594
6075 19457
6075 16627
6075 15299
6077 14180
6077 16237
6077 18870
6077 14284
6077 14369
6077 16838
6077 9797
6077 15788
6077 8919
6077 10225
6077 18832
6077 10373
6077 10265
6077 10279
6077 17963
6077 13732
6077 17193
6077 19456
6077 15925
6077 15114
6077 12903
6077 7399
6077 12502
6077 14414
6081 14357
6083 6798
6092 17277
6095 10872
6095 12340
6098 10383
6115 15982
6117 18686
6117 14864
6118 16229
6118 18735
6119 16144
6119 17255
6120 15788
6121 11785
6125 10173
6125 8037
6125 10055
6125 17767
6125 11907
6125 17917
6125 15329
6125 10521
6125 13839
6125 11264
6125 17184
6125 13009
6125 8262
6125 11974
6127 17273
6130 7240
6131 12821
6141 8947
6141 17337
6143 9710
6143 10584
6147 8598
6148 14968
6148 15252
6148 10059
6148 16656
6148 9370
6148 8879
6148 6349
6149 8384
6149 17301
6149 7830
6149 8024
6149 18771
6149 15995
6149 9564
6149 12298
6149 9587
6149 15993
6149 9991
6149 14051
6149 7226
6149 13701
6149 16926
6149 16387
6149 17819
6149 10885
6152 14626
6153 7140
6153 18095
6153 18236
6155 15021
6160 11672
6160 10055
6166 18457
6166 10360
6167 11696
6167 11233
6167 9810
6169 15325
6169 9965
6169 7584
6169 7064
6169 19520
6169 16186
6172 11366
6177 10205
6183 16714
6184 10431
6190 14295
6192 12253
6197 18768
6197 16500
6197 14110
6197 18995
6197 6794
6199 9720
6200 18936
6204 12721
6205 8131
6205 18581
6205 10568
6205 18659
6205 14490
6205 6712
6205 18762
6205 13481
6205 9523
6205 6641
6205 9560
6205 17295
6205 10899
6206 18505
6210 10197
6217 16912
6224 15090
6225 11785
6230 12974
6230 18614
6238 11752
6240 14194
6241 11241
6242 9876
6242 16728
6242 7310
6242 13668
6242 14274
6242 11024
6242 7298
6242 14261
6242 7073
6242 14036
6242 15597
6242 16143
6242 13103
6242 8509
6242 18434
6242 6573
6242 18028
6243 18337
6244 18648
6244 19270
6245 17722
6245 11059
6247 12416
6251 18349
6255 13010
6255 10203
6260 13010
6261 12572
6262 9039
6263 9588
6264 9588
6272 14626
6272 9873
6273 9235
6276 10819
6280 9986
6284 7167
6285 13761
6289 15713
6293 8229
6293 10684
6293 17662
6293 6853
6293 6464
6296 15664
6296 10344
6296 15768
6296 10259
6296 15503
6296 11752
6296 12340
6296 6660
6296 11356
6302 13800
6312 17603
6319 8262
6319 17613
6326 7992
6335 12440
6335 16098
6335 10433
6335 14754
6335 16626
6336 15498
6340 7677
6340 13227
6340 19426
6342 16402
6344 19154
6344 10744
6345 19167
6347 7658
6351 7243
6352 14145
6352 12128
6357 8858
6362 10836
6365 12042
6365 13587
6365 12689
6376 9715
6377 10088
6387 13940
6402 13010
6405 14129
6407 11749
6411 9495
6411 6684
6411 11478
6411 13989
6412 8480
6412 14893
6412 18791
6412 14045
6412 16106
6412 14195
6413 15772
6413 19270
6413 9142
6417 16925
6417 7901
6427 11354
6428 17932
6428 12655
6429 13787
6435 15182
6441 12735
6448 12572
6450 12416
6452 14288
6455 11914
6456 12204
6458 13261
6459 9120
6466 13083
6470 9873
6481 18648
6481 8372
6487 18232
6488 8816
6488 6844
6489 15763
6489 11052
6497 18497
6497 6607
6498 10594
6498 18936
6499 14506
6500 8834
6501 11544
6501 15552
6504 16495
6504 8734
6504 7828
6505 7157
6507 7168
6509 13438
6510 7243
6511 13829
6511 9588
6511 11302
6511 14421
6531 11894
6531 15864
6531 13452
6531 18286
6531 11372
6531 12622
6532 14698
6543 19033
6544 13787
6544 14242
6565 6821
6565 10431
6567 18962
6568 18317
6568 12714
6569 9910
6572 13656
6578 17550
6592 18794
6607 16541
6607 18576
6611 11582
6611 15153
6611 19218
6618 12514
6625 15615
6628 9177
6629 13397
6642 7157
6642 12732
6642 12022
6644 18395
6656 14457
6656 8372
6658 8293
6659 15982
6665 13142
6665 8447
6665 12632
6672 15008
6683 12388
6684 13746
6684 8822
6684 17026
6684 12313
6684 7613
6684 14973
6684 12463
6684 17081
6684 17019
6684 9643
6684 12123
6684 16739
6684 17025
6684 8305
6684 16805
6684 6836
6684 15376
6684 18859
6684 13248
6684 12748
6684 17848
6684 17165
6684 9921
6684 10216
6684 7452
6684 16438
6684 10276
6684 7711
6684 16485
6684 10441
6684 9766
6686 15966
6687 13480
6689 19456
6690 8816
6692 12054
6692 10931
6692 9541
6692 15788
6697 13277
6697 13656
6697 9324
6701 6844
6703 17603
6710 18871
6714 10160
6714 10776
6714 7294
6718 19154
6719 19154
6725 8372
6749 13656
6753 14207
6762 7899
6764 9805
6766 15557
6766 7261
6766 8262
6778 11580
6785 17917
6786 18589
6790 14512
6790 18430
6790 12192
6790 12019
6790 7534
6793 13633
6793 17217
6793 14626
6794 17811
6794 11593
6794 17513
6798 15919
6798 13549
6798 12132
6798 14107
6798 15045
6798 17649
6798 8104
6798 9161
6798 14284
6798 13261
6798 9166
6798 11084
6798 8079
6798 14317
6798 18874
6798 8527
6798 18294
6798 17701
6798 14356
6798 8089
6798 11936
6798 13491
6798 8998
6798 7797
6798 19245
6798 14727
6798 17205
6798 9595
6800 9203
6803 14187
6812 7168
6812 7829
6813 9090
6813 11867
6813 17476
6818 16918
6819 18765
6819 14857
6819 17538
6819 10427
6821 13807
6821 17418
6826 10388
6837 15006
6838 13940
6844 17520
6844 18922
6844 16380
6847 11809
6847 18070
6850 15803
6851 14699
6857 10832
6860 13068
6861 13940
6866 11769
6867 15007
6867 7107
6867 15486
6872 18402
6874 11914
6881 15207
6883 12714
6883 12340
6884 16650
6886 7804
6894 13604
6895 18069
6896 17371
6898 14110
6900 18770
6901 10931
6901 17337
6902 17865
6903 13692
6906 19154
6911 7716
6912 10226
6918 10205
6930 9513
6934 13399
6934 14438
6934 8372
6935 10638
6941 17351
6941 18872
6949 7992
6949 10388
6950 14134
6953 10088
6979 15758
6984 9588
6985 11124
6986 7716
6987 7398
6991 19223
6993 11233
6994 7971
6996 18734
6996 9014
6996 17592
6996 17573
6996 13940
6996 8945
7004 15550
7010 8212
7014 7804
7015 9910
7018 9559
7024 8708
7025 13083
7026 7157
7027 12489
7027 15299
7039 17160
7040 11751
7045 15584
7048 13983
7049 13083
7051 10065
7052 7168
7056 16665
7056 9700
7057 15408
7058 12445
7058 14510
7058 16964
7058 12447
7058 14124
7058 8773
7058 17196
7063 8382
7068 15479
7074 8445
7074 14654
7074 11615
7074 13616
7077 12968
7095 16915
7095 17493
7096 7919
7099 7360
7099 7398
7112 10896
7113 13743
7115 13940
7117 16629
7117 8248
7117 10197
7118 16904
7118 16780
7118 9033
7118 15804
7120 11372
7123 13277
7124 10088
7124 11594
7130 13261
7130 11354
7134 14015
7136 10020
7140 17715
7140 13766
7140 10088
7140 19657
7145 18781
7150 15788
7151 15947
7151 12253
7153 14381
7153 12612
7157 17493
7157 18260
7157 7867
7157 10878
7157 16882
7160 13010
7168 7436
7168 11024
7168 15542
7168 18243
7180 15458
7180 12714
7185 14626
7185 8382
7191 11372
7199 18771
7200 12811
7201 15794
7201 10265
7202 17994
7210 13295
7210 7418
7210 7309
7210 12571
7210 7239
7210 11372
7210 14532
7210 17833
7210 10192
7210 14842
7210 18091
7210 13857
7210 11534
7213 10055
7213 8526
7214 13839
7217 15261
7224 10507
7226 15097
7230 7560
7230 18773
7235 18936
7236 15335
7240 16993
7240 12974
7240 16528
7240 10373
7240 18903
7240 17193
7240 16754
7240 10573
7240 12459
7240 9561
7240 15722
7240 12978
7243 14443
7243 15483
7243 14470
7243 16733
7243 7604
7243 8338
7243 7413
7243 16535
7243 18330
7243 12160
7243 7445
7243 18942
7243 10987
7243 7511
7243 12829
7243 11769
7243 16276
7253 18276
7255 8708
7258 16332
7258 19355
7259 18936
7260 8974
7263 10961
7264 8307
7265 17624
7265 8523
7272 10638
7277 17187
7279 9834
7284 11644
7284 15447
7293 18736
7296 15788
7299 15523
7300 13983
7301 16542
7301 9012
7301 18684
7301 15475
7301 11894
7301 8372
7301 12811
7301 13708
7301 8846
7301 11049
7301 17962
7301 8842
7302 10537
7302 14288
7303 12612
7307 9541
7311 14581
7311 18404
7314 7899
7317 14123
7320 9922
7321 14110
7324 11045
7326 16925
7336 18872
7336 14831
7336 13211
7339 11203
7339 13261
7356 16781
7360 15811
7360 8519
7360 11098
7360 13981
7360 11153
7360 12071
7360 16865
7370 16843
7370 14798
7370 17255
7370 13837
7370 12228
7372 13604
7373 18040
7373 14575
7375 15877
7376 15498
7385 10744
7388 18736
7398 11006
7398 18458
7398 18104
7398 16283
7398 18512
7398 13924
7398 17453
7398 7940
7399 8947
7399 10383
7399 12099
7400 11869
7401 19154
7402 10742
7405 10766
7406 8384
7407 15824
7410 14187
7426 10292
7428 8262
7436 8221
7436 9390
7436 12789
7438 14715
7438 13603
7438 8655
7442 17603
7444 15788
7444 11986
7444 8708
7445 18069
7450 14195
7452 13989
7454 11580
7456 11582
7461 15231
7465 17966
7465 16824
7465 11003
7475 17026
7476 14125
7476 11302
7477 13971
7479 10510
7479 18508
7480 18404
7481 9041
7481 8331
7481 19044
7481 12142
7481 11731
7481 13242
7485 13963
7487 14575
7489 15982
7492 15346
7492 10915
7492 16388
7492 10157
7496 13755
7496 14134
7522 9842
7522 11231
7534 11372
7537 11372
7537 8372
7539 16396
7552 8862
7553 15200
7553 7595
7560 8712
7560 19444
7567 9873
7570 10961
7574 13940
7576 10961
7578 17255
7579 17337
7590 13158
7603 10409
7614 17105
7623 17198
7627 19252
7629 10383
7630 14008
7630 18589
7636 12668
7638 14353
7638 8561
7638 9017
7651 10872
7653 13486
7656 10961
7658 11055
7665 13940
7665 9491
7666 12128
7668 16967
7669 10312
7670 14381
7677 14686
7685 15008
7685 18846
7689 8947
7691 12926
7701 9129
7707 11233
7709 8208
7709 9444
7710 15793
7711 18792
7711 15498
7711 10088
7716 9309
7716 10283
7716 12317
7716 16331
7716 10166
7716 18591
7716 13338
7716 8972
7716 15590
7716 16701
7716 12144
7716 13891
7716 9933
7716 19062
7716 17628
7716 18362
7716 11296
7716 19129
7716 8267
7716 15967
7716 12399
7716 18043
7716 18497
7716 16326
7716 15864
7716 19604
7716 15231
7716 10165
7716 17446
7716 16046
7716 12085
7716 12664
7716 10723
7716 19707
7716 9355
7718 11914
7720 13361
7728 13976
7738 17653
7748 7829
7750 18087
7754 11319
7754 9028
7754 19570
7763 10872
7766 16427
7766 14941
7766 15676
7774 18234
7774 13261
7778 8974
7778 9983
7778 9181
7778 10258
7778 10631
7778 18767
7780 14699
7780 16925
7784 11462
7784 10896
7784 12054
7797 13963
7804 13571
7804 16679
7804 8800
7804 17356
7804 13190
7804 13673
7804 17168
7804 18723
7804 18160
7804 17584
7804 14868
7804 8590
7804 16871
7804 14476
7804 18424
7810 10060
7813 14110
7818 11891
7818 12184
7818 13159
7818 9556
7818 13769
7818 11787
7818 14456
7821 16277
7828 14647
7829 15382
7829 9533
7829 11450
7829 18227
7829 11497
7832 16332
7835 16347
7836 8892
7838 18127
7842 10896
7842 13940
7842 12926
7852 15355
7852 13743
7852 7854
7854 16500
7854 12019
7854 18919
7854 16541
7854 14110
7854 18768
7857 16361
7860 13971
7861 15095
7861 7992
7861 10388
7862 10207
7863 18157
7864 14669
7866 16748
7866 18853
7868 18620
7873 8862
7879 18048
7891 16396
7895 16500
7899 9236
7899 15163
7899 8258
7899 17409
7899 13457
7899 19697
7900 15765
7900 16955
7900 9018
7900 10633
7901 12337
7901 9485
7901 11449
7901 11450
7912 13971
7927 14153
7930 10388
7932 11637
7933 8192
7951 16318
7954 12253
7956 13083
7957 8621
7960 18011
7961 18936
7963 16214
7971 11372
7979 7992
7979 15095
7979 7992
7990 13963
7992 8241
7992 16521
7992 10388
7992 12235
7992 10101
7992 17953
7992 8760
7992 11385
7992 17794
7992 16512
7992 12649
7992 10340
7992 8999
7992 12148
7992 15884
7992 8843
7992 10863
7992 16193
7992 18791
7992 8576
7992 9004
7993 10925
7994 13472
8005 15966
8009 9749
8019 18048
8024 9296
8034 19342
8034 10453
8037 14647
8038 13511
8041 12175
8048 9576
8054 11157
8055 10149
8063 8441
8067 19077
8072 10961
8073 19524
8075 14381
8075 18048
8077 11863
8079 14626
8081 19252
8083 12253
8086 9484
8086 11168
8086 12157
8093 13721
8093 18190
8093 13317
8098 18804
8102 17187
8106 9039
8109 15103
8109 9805
8115 16264
8119 13976
8124 13361
8125 15156
8125 16355
8125 17228
8125 8263
8128 10103
8130 9075
8135 9576
8144 9576
8147 15615
8148 9177
8151 13231
8154 11071
8154 14870
8157 18011
8160 10441
8162 9177
8164 12204
8165 11460
8165 9826
8179 12738
8183 9232
8184 14110
8197 8417
8197 8947
8198 13300
8208 11725
8208 9386
8210 9390
8210 8225
8221 12789
8221 18736
8222 11446
8225 12689
8232 14506
8232 12742
8233 16367
8236 13266
8236 11007
8244 18087
8249 17855
8249 12524
8263 12811
8263 17026
8263 13691
8273 9953
8276 9192
8277 10385
8277 18922
8280 10933
8280 18745
8282 11366
8282 18276
8286 13971
8288 18619
8289 13483
8291 9039
8291 14394
8293 18276
8296 9588
8296 18670
8298 9877
8313 10594
8314 8842
8319 14263
8320 8608
8320 11178
8321 17187
8331 12983
8338 16500
8338 12827
8338 18900
8342 14358
8344 18843
8344 10256
8347 18830
8350 11233
8356 18497
8356 11372
8359 11631
8359 10487
8368 10766
8372 18824
8372 14069
8372 18544
8372 9890
8372 8968
8372 16088
8372 17298
8372 15224
8372 18768
8372 12839
8372 16958
8372 18072
8372 15377
8372 18430
8372 8834
8372 18931
8372 14442
8372 12618
8372 18733
8372 12262
8372 13445
8372 18763
8372 18346
8372 8405
8372 13949
8372 18701
8372 11052
8372 14915
8376 10226
8378 19154
8380 14626
8382 13046
8382 17824
8382 17205
8382 10592
8382 14385
8382 17519
8382 15989
8382 9083
8382 14742
8382 11957
8382 18670
8382 14626
8382 18725
8382 9416
8382 9991
8382 8998
8382 10769
8384 18808
8384 9588
8384 18377
8384 13038
8384 13261
8392 10714
8398 17972
8398 15097
8399 11850
8400 17250
8401 13989
8401 11478
8404 9884
8404 8885
8405 13504
8414 9576
8417 11023
8417 18912
8417 18895
8417 13620
8417 17649
8417 13975
8417 11278
8424 13398
8424 16824
8426 15788
8426 13940
8441 19002
8447 11914
8447 16332
8448 10162
8454 10404
8461 14843
8467 17573
8469 17892
8471 11233
8472 10872
8472 12416
8472 15615
8478 13483
8483 13605
8485 10383
8497 8552
8497 19424
8498 17337
8498 11357
8500 9296
8501 10744
8506 16361
8508 18169
8509 15615
8517 16880
8521 19376
8526 16884
8526 10744
8527 16277
8530 11494
8535 11201
8537 19033
8549 12247
8549 17399
8549 17439
8549 9553
8549 16381
8552 12545
8565 16435
8566 8816
8572 17033
8572 12764
8573 18995
8576 15408
8576 12612
8576 15095
8577 9256
8578 10594
8588 16463
8597 18317
8597 14924
8599 8885
8599 13527
8601 11408
8621 13371
8621 12776
8621 17771
8626 18547
8626 16824
8626 10020
8633 18770
8633 17197
8635 17892
8642 17949
8651 15430
8652 10766
8655 18664
8655 13240
8655 14651
8655 12567
8655 9563
8655 19548
8656 13579
8656 10004
8656 11233
8656 9810
8664 13766
8664 12776
8664 10749
8668 8708
8668 15788
8670 9810
8677 15698
8685 9487
8685 11372
8687 18190
8687 11372
8693 11526
8693 10094
8694 10167
8698 10835
8700 10588
8701 10931
8701 17337
8701 12253
8702 18236
8707 16646
8707 16092
8708 18741
8708 18808
8708 15100
8708 19050
8708 10600
8708 15894
8708 14742
8708 11594
8708 11206
8708 11757
8708 10212
8708 13641
8708 13801
8708 10003
8708 18820
8708 14347
8708 11865
8708 12026
8708 16754
8708 15436
8708 16184
8708 8921
8708 11084
8708 9804
8708 11257
8708 11816
8708 10690
8708 9276
8709 18216
8721 11914
8726 11240
8728 15947
8728 15498
8730 11244
8730 18957
8730 11372
8730 18152
8731 19376
8734 13044
8738 8879
8748 18436
8750 18736
8753 18792
8755 17458
8770 15698
8772 11372
8783 13761
8790 16503
8804 16523
8806 12936
8806 11601
8809 19397
8810 13976
8813 15306
8816 11380
8816 11178
8816 15916
8817 17026
8817 11478
8828 13940
8834 10402
8834 18364
8834 16999
8834 19229
8834 13882
8834 19227
8834 9921
8834 13098
8834 16717
8834 19151
8842 12811
8842 18277
8843 10388
8855 11986
8855 15620
8857 12737
8858 16633
8862 17026
8862 13371
8864 15200
8866 18048
8869 15306
8873 13849
8879 17189
8881 13826
8881 17796
8885 12602
8886 11354
8886 10383
8893 18862
8893 17863
8907 16332
8908 18910
8910 11770
8910 15408
8912 13940
8919 13261
8920 14381
8921 12099
8923 15719
8923 9203
8928 16703
8930 18440
8941 15188
8943 17548
8945 17624
8947 15780
8947 10265
8947 10690
8947 14414
8947 17193
8947 17337
8947 15828
8947 10659
8968 11582
8974 12776
8982 10383
8986 17098
8991 9910
8994 18995
8998 13261
8998 10896
8998 9203
8998 13829
9001 14484
9001 10568
9001 11840
9003 13787
9004 14381
9005 11772
9013 15003
9013 17048
9014 15437
9014 13940
9017 12489
9017 13371
9031 9652
9031 14781
9031 18440
9031 16816
9039 13633
9039 10160
9039 12673
9039 15700
9039 17195
9040 14110
9040 15550
9041 17863
9041 17930
9041 18337
9053 15813
9053 13128
9053 18778
9055 11914
9059 13411
9073 13045
9078 13511
9081 17026
9083 12926
9083 12054
9083 15788
9087 13940
9103 11372
9105 9765
9108 9765
9110 17187
9110 14924
9113 13787
9114 10431
9116 13231
9120 9759
9120 12598
9120 17489
9120 12616
9122 17681
9123 11366
9124 15189
9129 17309
9129 17437
9129 14080
9132 13228
9141 10205
9174 11239
9177 15506
9177 18177
9177 13942
9177 13195
9181 14553
9181 12416
9186 10388
9189 18739
9192 10167
9193 11559
9203 15938
9203 14371
9203 10592
9203 16399
9203 14742
9203 13633
9203 16144
9203 14385
9203 15049
9203 9842
9203 10769
9208 10744
9216 19218
9216 14617
9222 14764
9222 15308
9224 14626
9226 10087
9226 16470
9226 16158
9226 10877
9230 13940
9232 11157
9232 13656
9246 17248
9250 13940
9256 18171
9264 14798
9264 15620
9268 13862
9270 17220
9270 17767
9270 15360
9273 9296
9280 10594
9289 17026
9290 14155
9294 13849
9296 17124
9296 14278
9296 15562
9296 9921
9296 14371
9296 15993
9296 15719
9296 9398
9296 18868
9296 13633
9296 10429
9312 11049
9324 11469
9324 18728
9326 12022
9343 9398
9351 18995
9355 17771
9355 12019
9358 16138
9366 11867
9366 9805
9384 13280
9389 18234
9390 12789
9393 10744
9398 17731
9398 16685
9398 16126
9402 17714
9409 10383
9409 13837
9409 13472
9414 13146
9414 12725
9418 14652
9418 16997
9418 16542
9422 14926
9433 14220
9434 9998
9434 12219
9438 19032
9440 15788
9440 9538
9444 18211
9444 18317
9450 13083
9458 18011
9466 16011
9466 12926
9466 19469
9470 13566
9471 10383
9471 11354
9471 13261
9471 18670
9473 14924
9473 12340
9475 15615
9476 16030
9483 13983
9484 18653
9487 19430
9487 13104
9490 11157
9490 10225
9491 14742
9492 17596
9496 18958
9512 11003
9514 16030
9516 19376
9516 10431
9519 13837
9533 10872
9537 16981
9537 10469
9538 17899
9538 16284
9541 18734
9542 15584
9547 13453
9548 16645
9548 15947
9549 14843
9549 18276
9557 10507
9564 12623
9564 14626
9564 15665
9564 13261
9568 13135
9568 12912
9572 14939
9576 10616
9576 12240
9576 16669
9576 11926
9576 14821
9576 17333
9576 11358
9576 19397
9576 14112
9576 18341
9576 17648
9576 17467
9580 11157
9581 10431
9584 15726
9585 11403
9585 18809
9587 9588
9587 9588
9588 12656
9588 19009
9588 14347
9588 17958
9588 19067
9588 9714
9588 14051
9588 10475
9588 12537
9588 16184
9588 10308
9588 13825
9588 13562
9588 18934
9588 10776
9589 13963
9597 12167
9608 13068
9609 13541
9611 17596
9611 12841
9626 12763
9627 15164
9643 12811
9644 11869
9646 16989
9646 12968
9646 9830
9646 10270
9649 11372
9657 11099
9657 14105
9681 17771
9708 18962
9708 11302
9711 11386
9712 10287
9712 17727
9715 17727
9720 18770
9720 18812
9720 18873
9722 11989
9725 15836
9744 10627
9745 15432
9749 13256
9749 18502
9749 10872
9754 9765
9765 10491
9765 17114
9765 10716
9765 12523
9765 16431
9769 11372
9777 12361
9783 15577
9786 18048
9788 13800
9796 15572
9802 14434
9802 10431
9804 10383
9805 18778
9805 15813
9805 12152
9805 18786
9805 12710
9808 18957
9808 17729
9808 9827
9808 11372
9810 14354
9810 10435
9810 15444
9810 11233
9810 16231
9810 14893
9816 16120
9817 14222
9827 12019
9830 16843
9830 14957
9830 14506
9833 12725
9836 18865
9839 10931
9839 17337
9842 10916
9842 16138
9845 16383
9846 12934
9856 15498
9864 18736
9868 13152
9871 19203
9873 10776
9873 16184
9873 18849
9873 17737
9873 17958
9873 9901
9877 16023
9877 14381
9877 13478
9878 10226
9883 13320
9884 13371
9890 17277
9890 17410
9890 19512
9896 12416
9909 18936
9910 11196
9910 15677
9910 17437
9910 18967
9910 16197
9910 10185
9910 16720
9910 15045
9910 19467
9910 18964
9910 12384
9917 16152
9931 17026
9938 18322
9938 13541
9938 15498
9938 18809
9941 13849
9943 14647
9957 19240
9957 10431
9965 14110
9965 10149
9965 15006
9986 10533
9986 16077
9986 11905
9989 17337
9991 13092
9991 14862
9992 15153
9998 15757
9999 10431
10000 11578
10002 11751
10013 13983
10014 15505
10030 18487
10032 10601
10037 18654
10038 16332
10055 18862
10055 13868
10055 10945
10058 14567
10061 16719
10065 16784
10087 10933
10087 15498
10087 16997
10088 10933
10088 15498
10088 10932
10088 17510
10088 13305
10088 12823
10088 18145
10088 18824
10088 14536
10088 16051
10088 18897
10088 12592
10088 16697
10088 15324
10094 14929
10110 16500
10110 14288
10113 15572
10115 17813
10123 16332
10123 14130
10123 10795
10128 13940
10138 18505
10141 12742
10149 18576
10149 15382
10149 18490
10162 12628
10162 11171
10162 14771
10162 18137
10162 18462
10167 14637
10167 13730
10169 14187
10173 18011
10176 11399
10181 12289
10182 13170
10183 13332
10198 18670
10198 13511
10198 13940
10199 14055
10199 18681
10199 14746
10203 17260
10203 15515
10204 17626
10205 17957
10205 12400
10212 13940
10212 15788
10220 14288
10222 17057
10223 10388
10223 12721
10225 15044
10225 18744
10226 14053
10226 15128
10231 15952
10231 17415
10231 18399
10249 11354
10259 15458
10261 11233
10262 17187
10265 15788
10265 12099
10265 17213
10279 13261
10282 10545
10285 12489
10285 10903
10287 17194
10287 17859
10292 19592
10295 15188
10297 16840
10301 14924
10301 12340
10306 16055
10308 11751
10308 18377
10308 13829
10308 18808
10311 18276
10315 10706
10334 12416
10335 14593
10350 11372
10350 18957
10350 13313
10353 14073
10357 11473
10357 11839
10361 11168
10367 18216
10368 17221
10368 11790
10373 13261
10379 11354
10380 10725
10383 11135
10383 18870
10383 11462
10383 15528
10383 14107
10383 15788
10383 11096
10383 11055
10383 17996
10388 14781
10388 18616
10388 15095
10388 16981
10388 12235
10388 11141
10389 17806
10389 14669
10397 13940
10409 11446
10417 18680
10417 16650
10422 13656
10422 12904
10422 11007
10423 12515
10423 18479
10428 15522
10428 14218
10431 13925
10431 15505
10431 11869
10431 14249
10431 16703
10431 15097
10431 16811
10431 11797
10431 19080
10431 15615
10431 10433
10431 13205
10431 11943
10431 17972
10431 19702
10431 19071
10431 12019
10434 13147
10435 11233
10440 17624
10441 18957
10441 16760
10441 13308
10443 10896
10443 18936
10443 11157
10451 18957
10451 11372
10453 13369
10455 16500
10472 18823
10475 18670
10484 15279
10487 13332
10487 11840
10487 18922
10507 10834
10507 13224
10507 11974
10507 19242
10507 16665
10512 13671
10513 13434
10513 18762
10516 12489
10516 12253
10516 15930
10516 10613
10516 18936
10521 14647
10521 17206
10537 18349
10540 12926
10540 13472
10540 10896
10545 18211
10545 16513
10545 18576
10553 16714
10562 13083
10563 12204
10565 12612
10566 12756
10568 13481
10568 18762
10570 10872
10570 12416
10573 13656
10577 14834
10577 11239
10581 12756
10581 16940
10584 12512
10585 13787
10588 16629
10594 17536
10594 10829
10594 10926
10594 13903
10594 16270
10594 13344
10594 15594
10594 15584
10594 19612
10594 15736
10598 11366
10599 12081
10600 15788
10600 18808
10601 17863
10612 11233
10615 11580
10617 13761
10620 16945
10627 12263
10627 14397
10627 14453
10627 15385
10627 14647
10627 17542
10627 10792
10627 17026
10627 17025
10629 12325
10629 11748
10629 19326
10629 11372
10633 18728
10633 18742
10638 14886
10640 18995
10648 18216
10656 13475
10659 18216
10662 14134
10663 11580
10670 13963
10680 13369
10684 13083
10690 18216
10691 13483
10696 18489
10697 16714
10699 14288
10701 15550
10706 13472
10710 13971
10712 12175
10716 12253
10718 13166
10722 13231
10739 14123
10744 11585
10744 16274
10744 18531
10744 14070
10744 18136
10745 18865
10749 17499
10749 17892
10749 18809
10755 18509
10755 12737
10756 15390
10766 15544
10766 19572
10766 16820
10766 13461
10769 18771
10769 14626
10769 16973
10774 17248
10796 16542
10796 17972
10796 12811
10807 19154
10808 12253
10811 12253
10814 15306
10816 18087
10818 16285
10818 11215
10818 16203
10819 15189
10819 12678
10846 14685
10846 15703
10846 14146
10850 12650
10850 11769
10856 11559
10858 11059
10859 15765
10865 13181
10872 11543
10872 15555
10872 14276
10872 15149
10872 12218
10872 16582
10872 15811
10872 12869
10872 14443
10872 14464
10872 16965
10872 14913
10872 14750
10880 12054
10880 16827
10880 13940
10883 13989
10885 18105
10885 16927
10891 13940
10896 13020
10896 11533
10896 16826
10896 11084
10896 17701
10896 16102
10896 18801
10896 11411
10896 12926
10896 18870
10896 17899
10896 13844
10900 11233
10901 12000
10903 16347
10909 19112
10925 13980
10933 12055
10933 17499
10933 18826
10933 15845
10933 19208
10933 16051
10933 11121
10933 11640
10933 18798
10945 11386
10945 18945
10956 16277
10957 12869
10957 18661
10961 18806
10961 13424
10961 17740
10961 12889
10961 14819
10961 14674
10973 13146
10973 17975
10977 11349
10979 13142
10980 12416
10986 15577
10996 18603
11003 14721
11003 11041
11003 14378
11003 14777
11003 14376
11007 16826
11007 16282
11015 11286
11024 18736
11024 12789
11024 17603
11038 18011
11044 16332
11044 17912
11045 17801
11046 17255
11047 14187
11049 11372
11049 16462
11049 15864
11049 14654
11049 11450
11049 18957
11049 11894
11050 18872
11051 15726
11053 15773
11055 13472
11059 12257
11063 13940
11071 16013
11071 16054
11078 16186
11083 16405
11083 14799
11083 14316
11083 12286
11084 13261
11084 14421
11085 18962
11095 16361
11099 14679
11099 15942
11107 15841
11116 14381
11116 15365
11119 16884
11121 18792
11121 15498
11121 15947
11137 16940
11137 14676
11137 17184
11139 15458
11142 16608
11148 18823
11149 18760
11157 11425
11157 11278
11157 18832
11157 18527
11157 14317
11169 18373
11174 12789
11177 15620
11177 18234
11178 18505
11178 11372
11185 12308
11188 12054
11210 13971
11215 14997
11215 13354
11215 14879
11221 11615
11222 15189
11222 12964
11233 15084
11233 17678
11233 16771
11233 17120
11233 19291
11233 14639
11233 12762
11233 12213
11233 15157
11233 15444
11233 16400
11241 16264
11241 13619
11244 11467
11244 11372
11244 11894
11251 12365
11251 16128
11251 13633
11272 18632
11275 16843
11275 12054
11275 13261
11277 12579
11277 12713
11277 18952
11277 16405
11277 17454
11277 14128
11277 12342
11277 11394
11277 19125
11291 16633
11291 11637
11299 14960
11302 14942
11302 18962
11302 13954
11304 11747
11313 13083
11318 14832
11319 18058
11326 13083
11328 12612
11329 15104
11329 18443
11335 13940
11335 15788
11341 13068
11353 19050
11354 11883
11354 11556
11354 16000
11354 14239
11354 18056
11354 13632
11354 14798
11354 12475
11354 15713
11356 17187
11357 12134
11357 12077
11357 13879
11357 14727
11359 11866
11363 12612
11366 17867
11366 13509
11366 13113
11372 15840
11372 15239
11372 16958
11372 16626
11372 18720
11372 11881
11372 17380
11372 16637
11372 15916
11372 13925
11372 16622
11372 15851
11372 17415
11372 11894
11372 18701
11372 15377
11372 13606
11372 11390
11372 17645
11372 14512
11372 16028
11372 17709
11372 18233
11372 12960
11372 18906
11372 17015
11372 11467
11378 18011
11379 12636
11379 17483
11384 12205
11384 19174
11386 19492
11386 18852
11390 18736
11390 19300
11399 18897
11399 16945
11399 18898
11399 14502
11399 11499
11403 19176
11409 15498
11421 18509
11437 14358
11440 14626
11441 15884
11442 13511
11443 11869
11449 14110
11450 14288
11450 15498
11450 15615
11450 14110
11451 18216
11452 18216
11453 18736
11456 15765
11456 13680
11456 16955
11458 15036
11460 14123
11462 17847
11462 18843
11463 15188
11467 13390
11468 17341
11468 15788
11468 13940
11469 17624
11470 17026
11475 18402
11478 17026
11478 12350
11478 18093
11478 17641
11478 12392
11478 17019
11478 17025
11478 16687
11478 13653
11483 12404
11484 19199
11490 18011
11509 15947
11516 13483
11524 17722
11524 11742
11525 12623
11526 15451
11526 16138
11529 17912
11536 17550
11540 11631
11541 13826
11544 14777
11544 12568
11546 16753
11550 17384
11554 14867
11559 11783
11568 17006
11580 17902
11580 16918
11580 12734
11580 15961
11582 13616
11582 19088
11595 14568
11595 17425
11595 13770
11605 14626
11628 16989
11629 14506
11629 17175
11631 11840
11631 14914
11634 17151
11637 19194
11637 13320
11640 15498
11641 12175
11641 15615
11644 13931
11644 16528
11644 17933
11644 11848
11644 18903
11645 16383
11655 12340
11662 19519
11672 13010
11675 14187
11677 16144
11678 13761
11682 17432
11682 15225
11683 14045
11683 14044
11684 14123
11686 14866
11703 16004
11727 18918
11727 18724
11727 13448
11731 15801
11732 14484
11738 13010
11744 16997
11746 18276
11748 12975
11748 13278
11749 18812
11749 18949
11749 18794
11751 18929
11751 14051
11751 18586
11751 18771
11751 18600
11752 15458
11755 14006
11755 16355
11755 18080
11755 14603
11755 17301
11755 13907
11755 15866
11755 18739
11760 13086
11760 17194
11771 17079
11773 18804
11778 17282
11782 17517
11787 13976
11794 18497
11795 18773
11795 17034
11795 18743
11796 16692
11796 17155
11807 13068
11809 15498
11810 18503
11816 13963
11816 16714
11820 17594
11823 13261
11827 18035
11829 17956
11829 18185
11830 14288
11863 17858
11869 12019
11869 16381
11869 12003
11886 12808
11886 14669
11892 15746
11894 15498
11894 18505
11894 19097
11894 16645
11894 13083
11895 16899
11895 16132
11898 13940
11898 15788
11899 12334
11901 12512
11902 13472
11902 12054
11902 15788
11907 16392
11914 18904
11914 16639
11914 14266
11914 13421
11917 15982
11922 13068
11928 15078
11928 18837
11936 13068
11938 18625
11938 16541
11949 17263
11977 17026
11986 13549
11986 13089
11991 18011
11999 13361
12000 17550
12000 17337
12001 13170
12002 18317
12002 15698
12003 13371
12003 17704
12009 14288
12015 18305
12017 16714
12019 14001
12019 19255
12019 19276
12019 16307
12025 17255
12027 14110
12029 13940
12032 14044
12032 14045
12038 19203
12041 13361
12047 12416
12047 14134
12054 18843
12054 12349
12054 14782
12054 13597
12054 18741
12066 14289
12066 13068
12066 17175
12066 18736
12069 17859
12075 13761
12080 12788
12091 13231
12092 16361
12095 18819
12095 17494
12099 14634
12099 16826
12099 17755
12110 12594
12110 12866
12114 13989
12136 16396
12142 18862
12150 12983
12150 18337
12150 14647
12150 19214
12152 15103
12175 15952
12175 13307
12175 12997
12175 18747
12175 15615
12175 19470
12175 14949
12176 14640
12181 15947
12182 16967
12191 14742
12194 16500
12200 12340
12204 13875
12204 14807
12204 14745
12204 19713
12205 16116
12210 16770
12216 13849
12228 15713
12231 13976
12235 15095
12235 12612
12235 13431
12236 15188
12251 18804
12253 16614
12253 13558
12253 19481
12253 15488
12253 16903
12253 17834
12253 14816
12253 16065
12256 14110
12256 14699
12258 19674
12259 17343
12259 17550
12271 16967
12278 16240
12281 12945
12285 13943
12285 16333
12293 13675
12298 18105
12306 16347
12325 13278
12331 18995
12337 17603
12337 18816
12340 18745
12340 14924
12340 18211
12340 15503
12340 17684
12340 15005
12340 16748
12340 14442
12342 12579
12343 12555
12343 17432
12348 12579
12349 13472
12349 17337
12349 13940
12350 13989
12353 13656
12353 15620
12354 14015
12372 16714
12394 12587
12405 18048
12407 18767
12416 15404
12416 19046
12416 15430
12416 16582
12416 17537
12416 15699
12416 14134
12416 13919
12416 18199
12416 17860
12419 12789
12431 15615
12432 15726
12455 18587
12456 14556
12462 15498
12463 15498
12478 15306
12489 15735
12489 16826
12489 14194
12509 12955
12514 13277
12531 12623
12539 18951
12542 13940
12555 13604
12558 15458
12561 15788
12563 18464
12564 17026
12568 17727
12579 18099
12579 13322
12579 18785
12579 14128
12585 18847
12587 12954
12592 12811
12592 18792
12592 15498
12602 17876
12604 14785
12605 18770
12609 16650
12612 18453
12612 17794
12612 13855
12612 14905
12612 14622
12623 15602
12623 14051
12623 16387
12623 13502
12623 19616
12643 15458
12643 17277
12647 13361
12650 14893
12650 16327
12655 15451
12665 15306
12670 17629
12678 16547
12682 18216
12702 13971
12710 17026
12714 17539
12714 13256
12714 14230
12716 15231
12725 18066
12734 18150
12737 16506
12737 17321
12737 19353
12737 15711
12737 14364
12737 15664
12738 18402
12742 14128
12742 14317
12742 15468
12742 19369
12742 14799
12763 17956
12768 14110
12789 14082
12789 19129
12789 18793
12789 15973
12789 19285
12789 17809
12789 18736
12797 17139
12797 19176
12811 17165
12811 18277
12811 18080
12811 15824
12811 18897
12811 14603
12811 18809
12815 15231
12819 18838
12828 17255
12832 13361
12837 13787
12839 15523
12841 15299
12843 18216
12845 17751
12855 14734
12861 13219
12866 17677
12875 16309
12875 17206
12881 13486
12882 14647
12884 18762
12892 16264
12904 16676
12904 18895
12910 17931
12911 13787
12912 15096
12912 16958
12913 13525
12924 18111
12924 15458
12926 14756
12926 16140
12926 15841
12926 13844
12926 17899
12930 17006
12936 14292
12937 15498
12947 15159
12948 18872
12949 15432
12955 15430
12960 16067
12964 16065
12971 14567
12974 16843
12986 13170
12988 15036
12989 13170
12992 14354
13007 15408
13010 16038
13010 18147
13010 13391
13010 18026
13010 14370
13010 13058
13020 13963
13020 14506
13025 14434
13038 18600
13038 17581
13040 13170
13045 17564
13045 17141
13046 17341
13048 13170
13052 14221
13068 14231
13068 17556
13068 17041
13068 17557
13068 17175
13068 19467
13068 17289
13076 17550
13082 16973
13082 18047
13083 13132
13083 18917
13083 17866
13083 14164
13083 18745
13083 14345
13083 15661
13083 18507
13083 17772
13086 13579
13086 14679
13118 16912
13119 14049
13128 16215
13142 17469
13145 13761
13147 17494
13147 17288
13153 16030
13158 14878
13162 16714
13170 15424
13170 14611
13170 15907
13170 15904
13180 14924
13180 17187
13188 18818
13202 13604
13215 17277
13217 17472
13219 17672
13219 16148
13230 16347
13231 14504
13233 13483
13236 14125
13242 14647
13242 17206
13249 18964
13256 18317
13256 15458
13261 14107
13261 13549
13261 14727
13261 14317
13261 18843
13261 17205
13261 14356
13261 14626
13261 17193
13261 17701
13261 18967
13270 18670
13271 17742
13277 15722
13277 13301
13280 17849
13284 18216
13291 18852
13300 18580
13305 16945
13305 15498
13305 18792
13313 15605
13322 16273
13336 16963
13336 19545
13337 15451
13337 15788
13361 14146
13361 15759
13361 14918
13361 19449
13361 14206
13361 16571
13364 13940
13364 14123
13365 18922
13368 17026
13370 16361
13371 14491
13371 14021
13371 18625
13373 15188
13380 15498
13389 17409
13392 15788
13398 14378
13399 15096
13399 18587
13399 14603
13403 17624
13405 16727
13416 13604
13440 19154
13441 15698
13444 15307
13456 18677
13466 14924
13466 15458
13472 13597
13472 18843
13475 14130
13483 13876
13483 16419
13483 14233
13485 13593
13488 16370
13505 15698
13511 16951
13511 18722
13511 17493
13511 15100
13523 14421
13525 19102
13529 15471
13541 14697
13541 18792
13576 15788
13579 17194
13585 18913
13589 13623
13595 16645
13597 17337
13604 18723
13604 16938
13604 17003
13616 15153
13623 19102
13623 14463
13623 14593
13626 13940
13633 14626
13633 14421
13633 13829
13638 16523
13641 16714
13656 16528
13656 18728
13656 16676
13664 18508
13666 17892
13677 16062
13682 13940
13682 18216
13691 15545
13694 18962
13705 18497
13721 16982
13721 15361
13725 13997
13730 15438
13730 15621
13741 17194
13746 18792
13746 15498
13755 16051
13755 19390
13755 16013
13755 18558
13755 14134
13755 16731
13761 18411
13761 16040
13761 14843
13763 16798
13763 19218
13768 18962
13773 18872
13781 16685
13787 17204
13787 13941
13787 14446
13787 19622
13787 15720
13787 19670
13787 13805
13796 19042
13800 14280
13803 16971
13804 15726
13804 15552
13804 16030
13807 17972
13807 15097
13810 18276
13811 13940
13818 15823
13821 13940
13826 17094
13829 14626
13829 18738
13834 18781
13837 18889
13839 17451
13843 14187
13876 18150
13882 15498
13889 14914
13900 18754
13905 16396
13925 18957
13925 18486
13939 17250
13940 18670
13940 17324
13940 17049
13940 19064
13940 17182
13940 15788
13940 14765
13940 19008
13940 17576
13940 16826
13940 13975
13940 15437
13940 18719
13940 19325
13940 18673
13940 19314
13940 17988
13940 14175
13940 17333
13940 17592
13940 15184
13940 14305
13940 17899
13940 18357
13940 15117
13940 18516
13940 14008
13940 16087
13940 18380
13940 18820
13958 18199
13963 15356
13963 15031
13963 17437
13963 17363
13963 14284
13971 19136
13971 17096
13971 17940
13971 17246
13975 15788
13976 18764
13976 18010
13976 14486
13976 14429
13976 17163
13976 15955
13979 16925
13983 16947
13983 18131
13989 18916
13989 17025
13989 17165
13989 17019
13989 16687
13989 17026
13989 17687
13989 17641
13989 18093
13995 14110
13995 16500
13997 15498
13997 16964
14006 17026
14008 18670
14013 18617
14015 16896
14023 17255
14033 14049
14036 15615
14077 15498
14083 18962
14101 18037
14105 14679
14105 18436
14110 18797
14110 17810
14110 17513
14110 15806
14110 19090
14110 14699
14110 16026
14110 17811
14110 15679
14110 17426
14110 19544
14110 17307
14123 18760
14123 16258
14125 18109
14130 16250
14134 16731
14134 14277
14134 16167
14139 17930
14140 14195
14146 17508
14147 18736
14163 14421
14173 14421
14182 14506
14187 19076
14187 15518
14187 16895
14194 15788
14195 18063
14211 14626
14216 16608
14218 14933
14221 17593
14221 16637
14261 17994
14262 16505
14269 15498
14271 14381
14278 14626
14280 19035
14280 18347
14288 18223
14288 19216
14288 19366
14288 18001
14288 15462
14351 19203
14353 17786
14353 16168
14353 19398
14353 16547
14354 18343
14357 14845
14357 18744
14357 18216
14358 14765
14358 14995
14358 18725
14358 17255
14358 16083
14371 19625
14373 15454
14378 16824
14381 16525
14381 14905
14382 19376
14383 15788
14383 17337
14385 16973
14411 15458
14417 17206
14420 16884
14421 14862
14421 18670
14421 17701
14421 14626
14421 14783
14421 15155
14421 18725
14421 17205
14431 18957
14438 17401
14439 18995
14441 17947
14442 16608
14449 18751
14454 18402
14465 14843
14467 16912
14471 15987
14479 15971
14487 18835
14493 19017
14496 18995
14499 17175
14506 18694
14512 18957
14515 19398
14515 16264
14519 19127
14548 16055
14553 16054
14566 17603
14574 18087
14575 18537
14575 16338
14577 18509
14577 17892
14593 16514
14593 15920
14593 17164
14603 16645
14603 17026
14603 16542
14604 17255
14617 19352
14619 15948
14626 17519
14626 17110
14626 14651
14626 18725
14626 17205
14626 18897
14626 19599
14626 17217
14640 18762
14640 18547
14647 14796
14647 16789
14647 15384
14647 18697
14647 18011
14651 18670
14652 18236
14654 18497
14656 16443
14660 18982
14679 17194
14684 18784
14688 16206
14699 18748
14711 15048
14722 18337
14726 18872
14736 17569
14739 18804
14742 19087
14742 15299
14754 16942
14781 15272
14796 15036
14797 17415
14798 17053
14819 15942
14819 17985
14821 15982
14837 16714
14843 19032
14843 17473
14843 16515
14843 16280
14855 18011
14858 15105
14873 18962
14893 17904
14893 19539
14906 18087
14913 17994
14915 19342
14926 17802
14926 18811
14926 17315
14926 16008
14929 18989
14960 18847
14988 15451
15003 18736
15006 18566
15006 15630
15008 18736
15011 16148
15017 15870
15025 17255
15033 16030
15036 19391
15044 17213
15060 15615
15068 18505
15079 16435
15087 18069
15095 18766
15102 17949
15103 18778
15109 15454
15111 18011
15114 18402
15115 18550
15118 15615
15131 17751
15132 18995
15138 15609
15138 15545
15141 15498
15141 18715
15153 17499
15153 18977
15155 17104
15155 15620
15160 15952
15167 18962
15173 15615
15188 19178
15188 18221
15188 18224
15189 16168
15200 18791
15207 18957
15216 17994
15216 15615
15225 16067
15231 18930
15231 17067
15231 19129
15231 18972
15283 16714
15299 15704
15305 17026
15306 15501
15306 18782
15306 17244
15307 17469
15307 18585
15354 16443
15369 18276
15376 17026
15377 18957
15382 15550
15390 16616
15394 18178
15416 17603
15420 16903
15420 16065
15438 18724
15442 16260
15451 17622
15458 17521
15458 15882
15467 19050
15467 15788
15488 16347
15498 16717
15498 18824
15498 16640
15498 19270
15498 18898
15498 18145
15498 18354
15498 18792
15498 17151
15498 17590
15498 18897
15506 18396
15513 15586
15513 17026
15532 19027
15543 18962
15570 17603
15572 18436
15584 17601
15584 15594
15591 18670
15592 18670
15596 17098
15615 16200
15615 16866
15615 18942
15615 17929
15615 18700
15615 19209
15617 17003
15620 16528
15620 15671
15620 18903
15620 16993
15620 15722
15620 18347
15620 17053
15620 16033
15627 18087
15664 18317
15698 19070
15698 18821
15698 18317
15700 16562
15700 18105
15705 17255
15711 18509
15722 15788
15725 18804
15726 16008
15726 18405
15729 19513
15735 19236
15737 18804
15742 18035
15746 16416
15751 18754
15757 16918
15765 18357
15765 18728
15767 18768
15769 18150
15780 19050
15783 16361
15783 18962
15788 18843
15788 17901
15788 18949
15788 18294
15788 17899
15788 18719
15788 18910
15788 17053
15788 16033
15788 19029
15788 18820
15788 18740
15788 18744
15788 18889
15788 17701
15804 16657
15819 18670
15823 17341
15824 17892
15825 19441
15857 18111
15866 17026
15870 17117
15882 18111
15885 18150
15888 18736
15931 18837
15933 16925
15942 18901
15943 19167
15945 17727
15947 16717
15947 18433
15948 16762
15952 17786
15982 18671
15982 18371
15987 17295
16011 18284
16018 18307
16018 17742
16018 17344
16028 17069
16028 18957
16030 16630
16030 19716
16033 16843
16041 16997
16055 16978
16062 16500
16065 16569
16065 16347
16132 16347
16158 16997
16173 19076
16184 18808
16184 18670
16211 18835
16214 18401
16214 16755
16216 17994
16224 18048
16237 18744
16260 16339
16264 18252
16277 17195
16277 16455
16281 18253
16282 16827
16295 17187
16332 17912
16355 17026
16361 19079
16396 19357
16396 16870
16402 17689
16413 19256
16416 18736
16421 17187
16454 17912
16457 18317
16463 18245
16494 18190
16500 18942
16500 17810
16500 18797
16500 17509
16500 19544
16505 16537
16523 17488
16547 17439
16552 19097
16560 17550
16560 18509
16597 19227
16616 18728
16618 18670
16620 17892
16622 16675
16631 18337
16633 18075
16637 18509
16644 18840
16644 17596
16645 17019
16645 17025
16645 18787
16645 17562
16645 18701
16650 18736
16656 17189
16664 17994
16676 18975
16678 18178
16714 16720
16714 17146
16714 17135
16717 18792
16727 18791
16731 17504
16747 18670
16748 18317
16770 17486
16777 18276
16778 17255
16779 18670
16873 16925
16880 17603
16880 18276
16882 18216
16901 17373
16916 18011
16925 17681
16925 17174
16925 18636
16945 18897
16945 18080
16946 16967
16955 18728
16963 18035
16967 18023
16999 18792
17023 19154
17026 17116
17026 18739
17026 17072
17026 17150
17026 17228
17026 18080
17026 17301
17083 18956
17098 19051
17104 17954
17105 18762
17118 18377
17139 18765
17139 17689
17139 18242
17154 17912
17160 17266
17187 17830
17187 19003
17187 17869
17195 19116
17197 19176
17219 18962
17246 17603
17255 18975
17337 18832
17337 18482
17337 18843
17341 18881
17415 18957
17474 18290
17513 18919
17513 18768
17544 17582
17621 17912
17645 18497
17645 18957
17722 18632
17723 18087
17729 18544
17767 19118
17771 18122
17771 19362
17771 19112
17810 18995
17811 18768
17815 18771
17836 18986
17855 18734
17859 19551
17859 18736
17877 19154
17899 18670
17911 18736
17912 18901
17912 18415
17979 19016
17985 19316
17985 18901
18011 19178
18018 19010
18022 18962
18035 18736
18048 19427
18048 18450
18048 18257
18069 19120
18085 18087
18124 18770
18145 19270
18211 18317
18216 18391
18216 18912
18216 19401
18234 18452
18234 18614
18244 18962
18276 18425
18276 18697
18296 18918
18317 18853
18317 18821
18317 18576
18322 18792
18351 19047
18377 18779
18377 19067
18395 18402
18402 19035
18402 18744
18411 19355
18411 18436
18478 18645
18562 19203
18596 18892
18600 18670
18631 18962
18643 18865
18670 18831
18670 18889
18670 18820
18728 18736
18729 19624
18765 19176
18768 18995
18791 19194
18792 18898
18792 18809
18798 19577
18842 18922
18867 19270
18906 18957
18936 19056
18949 19661
18955 18962
18968 19154
19016 19511
19017 19593
19074 19077
