9124 1
14652 1
3610 1
8467 2
15261 1
5025 2
18011 0
16798 1
913 0
7835 1
761 1
2743 1
10226 2
11796 1
13741 2
6683 2
501 0
16146 2
2565 0
2164 2
17603 1
12456 2
10113 0
16046 2
17394 0
4468 2
135 2
6896 0
17722 1
13480 0
13511 2
17849 1
6793 2
13308 1
697 1
1527 2
12054 2
6881 1
19625 2
15200 0
12912 1
5104 1
3712 2
7201 1
4803 2
2206 1
15354 2
10404 1
14381 0
12806 0
14357 2
11682 1
12210 1
5348 0
6296 0
16168 1
11080 2
9384 1
13943 2
16899 1
19657 1
17863 2
14523 1
19097 1
18516 2
19240 1
1426 2
16 1
6435 2
10409 0
15982 2
7961 2
1078 2
14463 1
6991 2
16169 1
4985 2
14222 0
17785 0
17013 0
6003 1
10749 1
19519 0
17069 1
11107 2
1544 1
12808 0
5489 0
6293 1
16256 2
13483 1
6148 0
18643 2
15355 1
5254 2
10958 2
1202 1
11233 0
5082 0
1933 2
4022 1
16967 2
9827 1
6147 2
2869 0
17117 2
19276 1
15931 1
11795 1
9290 2
14447 1
18152 1
4620 2
15567 2
15637 2
8297 0
7899 2
14073 2
7339 0
14617 0
13266 2
196 1
14647 2
783 1
13444 0
15746 1
11503 0
8141 1
14870 1
19256 0
10996 2
16562 2
19150 1
12361 2
8337 1
13638 2
4223 0
11135 2
14906 0
5854 2
15394 0
14669 0
18018 2
4081 1
15552 2
3458 2
3943 0
16396 0
16646 0
13800 2
6607 1
10470 2
6785 0
12416 1
4453 1
19127 1
790 0
8941 0
3391 1
3383 1
8248 1
3016 1
16942 1
4403 1
14873 2
11053 1
12041 2
19441 0
935 1
8825 2
18936 0
12492 2
6884 2
14280 2
12 2
15554 1
12515 2
13612 1
7436 2
7677 2
5804 1
17594 0
2188 2
13605 1
17046 1
48 0
6478 1
15272 0
2672 2
19551 2
3817 0
19398 1
18443 0
17517 0
18654 1
265 2
1431 0
7658 2
926 2
11932 0
5925 2
3706 2
5851 2
10708 2
6563 2
8633 1
19511 2
13320 0
1325 2
1593 1
14134 1
7450 0
12919 0
10392 1
15458 1
3011 0
53 0
16971 1
18436 0
7623 0
15947 1
10197 1
16456 1
13083 1
7230 2
15131 1
16827 2
15231 2
12737 1
12579 0
3603 2
7493 2
16361 2
11078 1
6125 0
7980 1
11272 2
5054 1
14614 2
3952 1
9547 0
15719 2
18982 0
9276 2
13135 1
19512 1
9090 2
14153 1
11755 1
12253 0
7492 2
15432 0
16392 2
11634 1
13146 2
3914 1
4239 1
12594 2
9270 0
11769 1
15765 2
6531 1
19513 0
7590 1
4766 2
12489 2
12042 1
7413 2
13837 0
9986 2
2539 2
3003 0
11169 0
16678 0
11628 2
16240 2
293 2
7360 0
18489 0
10207 1
19373 1
7426 2
7919 2
168 1
3195 2
11240 2
11379 0
15498 1
3507 1
16067 1
13249 0
18305 2
231 1
19456 0
4482 2
1858 2
4542 2
3085 0
11778 1
4622 0
9722 1
3633 0
19177 1
15803 2
8700 1
3022 1
13434 1
12885 2
15666 0
2244 1
2255 1
14972 0
4706 0
19252 0
5227 1
11938 1
17727 2
7529 1
5931 2
8693 2
18190 1
12913 1
18048 1
16065 1
16629 1
8804 1
3335 1
15726 2
1281 0
14926 2
16606 2
7638 1
10961 1
13277 2
2844 1
12289 2
1758 0
14449 0
5614 1
12721 0
4399 0
693 0
8654 2
13271 1
18818 1
6818 2
13398 2
16945 1
5466 1
844 0
5505 0
16645 1
18486 1
18075 0
5211 0
7494 2
15942 0
18404 0
12094 1
14831 2
3543 1
10431 1
15751 1
11867 2
3781 2
343 2
1180 2
2797 2
12316 0
5525 0
8738 0
3643 1
16824 2
6714 2
3500 2
16944 2
161 1
4838 2
5046 1
3201 1
13313 1
13438 0
10032 2
16762 2
15442 2
12788 2
11354 2
12404 2
7685 2
10002 2
12325 1
4737 0
17469 0
10872 1
18957 1
11222 1
5187 1
8577 2
13397 1
3882 1
10982 2
9438 1
11697 2
16156 1
4441 2
17213 2
973 2
7479 2
18479 1
6798 2
5012 1
5545 1
4531 2
18150 1
17855 2
13940 2
2550 1
2495 2
15188 0
13054 2
14109 0
1023 2
5431 2
11696 2
3614 1
4330 2
4396 0
11366 1
6821 1
12293 2
8816 1
13452 1
1143 0
14129 2
18069 1
9539 1
1358 0
12455 1
9700 0
10638 1
5796 2
8442 0
6412 0
1766 1
16997 2
18962 2
18332 1
4675 2
11318 2
12067 1
3686 0
16500 1
9296 2
5210 0
13470 1
15543 2
11157 2
5557 1
5288 0
15138 1
15095 0
3434 1
14187 0
12881 2
13796 1
878 1
12859 1
4725 1
1596 1
17513 1
3495 1
12804 0
10537 1
1320 1
9053 2
7766 1
15550 0
711 2
17771 1
18975 2
17255 2
9039 2
8269 0
2261 2
13010 0
19380 1
7866 1
12938 2
7373 0
12509 2
15438 2
8049 2
14288 1
14140 2
3163 0
11488 1
13361 1
4253 1
2393 2
13119 1
17476 2
7099 0
16719 2
11928 1
4516 1
19047 1
10909 1
14295 0
13721 2
866 2
12447 1
5018 1
4839 2
3666 1
1546 1
19194 0
121 0
16714 2
10594 0
824 1
639 2
4878 1
5634 2
12776 1
184 1
5313 2
441 2
12665 1
4521 2
11904 2
15168 2
13787 2
5361 1
7406 2
18792 1
7804 2
18550 1
10766 0
9226 1
7873 1
7419 1
1447 2
13045 0
15824 1
781 1
10756 2
7948 0
5209 2
5721 2
5261 1
4813 0
17966 2
5140 1
11065 1
12343 2
23 2
1205 2
19236 1
16927 2
5055 2
1083 1
15446 1
3227 0
11748 1
10931 2
2624 2
3136 1
16903 0
910 1
8593 2
13170 2
17550 1
1694 1
19661 2
15615 1
18585 0
18155 1
18401 1
10577 2
447 1
13230 1
5802 2
699 0
11494 0
858 1
4042 1
3155 2
11718 2
2100 0
19199 2
6242 1
