2 3285
3 3219
3 1431
8 178
8 1033
10 1670
12 2487
12 794
12 966
12 557
12 677
12 1357
12 1097
12 2474
12 839
12 1760
14 1248
16 314
16 2416
16 616
16 1013
16 2418
16 2166
16 1422
16 1567
16 622
17 879
18 812
18 778
19 1451
19 1338
19 3308
20 3080
22 726
22 2140
22 3251
23 1942
24 1227
24 2027
27 755
27 1290
27 1422
27 1943
27 229
27 1012
27 2023
27 2282
28 28
28 1578
28 1447
28 2313
28 2314
28 2315
28 2316
28 2059
30 1422
30 532
33 3193
33 824
33 3197
33 3326
38 2388
38 2228
42 2655
43 1759
43 2632
43 1731
43 887
43 1096
43 1625
43 1429
44 1227
45 939
47 1388
47 1098
47 820
49 2341
49 1510
49 2455
49 2228
49 2994
49 1253
51 2525
51 1607
51 1422
51 1214
51 453
51 2828
52 274
53 61
55 2119
55 186
59 962
59 1290
59 968
59 1422
59 1214
59 931
61 2113
61 1734
61 2063
61 1514
63 1053
63 1053
64 1431
65 1944
67 1960
68 2411
69 157
69 2370
70 2245
70 2557
70 2899
70 1474
70 3009
70 808
71 660
72 1896
73 1779
74 2365
75 1300
78 2492
78 2043
78 2366
78 1687
79 2089
79 298
80 359
80 2316
80 3029
81 591
81 1527
81 558
81 591
81 1145
81 2414
85 2893
86 1488
87 2215
90 118
90 3277
92 2189
94 2793
94 2793
95 110
95 2269
95 2636
95 822
96 1322
96 119
96 339
97 2572
97 902
98 2174
98 1078
98 2510
98 2284
98 2511
98 1406
98 936
98 386
98 353
99 157
99 2571
99 2571
101 3087
101 825
101 2855
101 1325
101 3161
101 1340
102 2198
102 1639
102 1748
105 976
106 2189
106 2643
106 2776
106 155
106 1366
107 3193
108 1833
110 1551
110 1704
111 251
112 1249
115 880
115 2122
116 3310
121 1911
121 3137
124 124
127 143
128 1041
130 1004
131 935
131 3324
138 2487
138 1853
138 1131
138 2196
138 1097
138 680
138 1736
139 602
141 1036
142 1200
142 1002
142 2059
148 1770
148 2228
150 2487
150 966
150 557
150 677
150 1357
150 1097
150 2474
150 1760
151 2217
151 930
151 1736
152 2546
152 1666
152 1429
153 744
153 755
153 396
153 2925
155 2643
155 2776
155 155
155 922
160 934
160 2716
160 934
160 926
160 1616
162 1070
164 2409
167 1904
169 929
169 247
170 1755
170 2803
170 2228
170 2583
170 2571
170 491
171 425
176 2679
176 2750
178 1033
180 661
180 351
180 2639
181 1422
181 1262
184 1825
186 2883
188 2619
190 325
190 3107
194 2900
194 397
194 1620
194 2218
194 3052
195 1823
196 2508
198 1453
200 2842
200 2843
201 1701
202 1594
205 854
205 212
205 3076
205 3134
205 3265
207 270
208 218
208 2433
208 438
208 1718
208 1534
208 2705
208 2706
208 2703
208 997
210 3183
211 1896
212 2836
212 3076
212 3265
213 528
213 3073
216 1655
216 2615
216 695
217 1319
217 2867
217 1603
218 2433
218 1482
218 1718
218 1896
218 2703
219 2254
221 1097
222 2634
222 2729
223 223
225 741
225 1528
225 3203
225 3204
226 1907
226 2713
228 2815
228 411
228 1531
228 300
229 307
229 492
229 887
229 2023
229 2282
230 1968
230 2979
231 875
232 252
234 2391
234 2993
235 256
239 1321
239 767
239 3230
241 2174
241 603
241 936
242 796
242 1582
242 2032
242 2196
242 1736
243 931
243 1812
244 906
245 3189
245 3203
245 3204
247 2613
247 2088
247 1265
247 2643
247 2848
247 2063
247 1217
248 1669
248 297
249 906
253 843
253 2579
253 843
258 962
259 1637
262 1597
263 2655
263 886
263 525
263 737
263 2422
264 1267
265 2220
265 1536
265 2452
266 672
266 1156
266 3249
266 1809
266 3298
266 2619
267 1259
267 749
273 416
273 1417
273 2217
273 768
275 1297
276 276
277 3238
279 2326
279 688
279 279
280 1563
280 1296
281 646
283 3252
283 1596
284 2009
284 284
285 1967
285 1418
287 1011
289 1422
289 1943
291 873
292 594
292 2854
292 2141
292 1843
293 1874
293 1585
296 2853
297 1669
297 513
300 2815
300 1531
300 2763
301 1204
304 1620
305 2929
307 1290
307 1918
307 2230
307 2398
307 585
307 1943
307 2676
309 1680
310 2936
310 2937
311 2803
311 1253
313 2984
314 2596
314 2166
314 1422
314 1567
314 1943
314 622
315 1124
316 777
317 411
318 717
320 2962
326 984
326 3085
331 1709
331 1083
332 2259
332 2921
335 1088
335 723
336 1180
336 1600
336 561
336 1180
336 876
336 3002
338 1227
338 2642
343 1773
347 1853
347 1758
347 1202
347 2073
347 2527
348 399
350 2399
351 661
351 2639
351 1112
352 3293
353 2434
353 2434
355 1121
358 358
359 3029
360 477
361 1918
361 2650
362 2339
362 2340
363 800
363 800
364 399
366 2061
368 1199
369 580
376 2300
377 2405
378 3272
380 3188
380 2155
381 2955
381 1457
387 2808
389 2111
390 871
390 2103
390 2105
392 2316
393 566
394 2594
394 2711
395 2519
396 2217
396 930
396 2519
398 1843
399 957
402 603
403 3185
405 2179
409 2584
409 1341
409 1529
411 1033
411 2815
414 2565
414 1666
414 1625
416 2645
416 1758
419 1004
419 476
421 2275
421 2631
421 1162
421 1135
422 2867
422 2237
423 1756
427 1560
427 840
427 1705
430 2844
432 2983
434 1655
434 549
434 2361
434 2362
435 1019
435 1996
436 2317
437 2922
438 1718
438 1896
438 2703
438 2705
438 2706
439 3128
439 2011
440 3047
441 2501
441 2812
442 2911
443 857
447 1184
447 3286
448 888
448 1090
449 1543
450 1561
450 1915
450 2295
450 1965
450 2196
450 2519
450 1817
450 1532
453 1422
453 1214
453 1009
453 1599
453 941
453 807
453 1219
453 1644
453 2475
453 887
453 2053
453 2254
453 2667
455 1656
455 3017
457 1438
458 2358
462 476
463 2539
463 2540
465 2345
466 2174
466 936
466 3138
469 1101
473 1808
473 843
473 2524
476 1247
476 3046
478 3046
481 2236
482 1076
482 830
482 3272
483 2624
483 2020
483 1585
485 2752
486 2891
486 2356
486 1115
486 1097
486 1202
486 3228
486 486
491 2228
491 2994
492 2632
492 755
492 1644
492 1422
492 1012
495 1422
495 1262
498 2652
499 886
499 2274
500 3249
500 1809
501 1575
501 1011
502 517
503 1529
506 1944
508 2732
508 3248
510 2827
514 2809
514 2809
514 2810
516 2646
517 2647
517 1215
518 1896
519 3146
519 519
522 1830
523 1840
523 2349
523 2349
524 1537
525 2573
525 2577
525 705
526 920
526 2163
527 1422
527 1943
528 2396
528 962
528 1422
530 664
530 1966
530 1641
530 1621
530 1017
532 1944
535 946
535 641
535 2584
535 946
537 650
538 1506
544 1915
544 2302
545 2259
547 819
548 2063
549 755
549 1422
549 2585
549 2361
551 749
551 1259
554 799
557 725
557 1883
557 1922
558 591
558 1145
558 2414
559 1013
559 1097
560 2482
560 2191
561 1180
561 2848
561 3025
561 1366
562 1735
562 1586
565 2484
565 1330
565 1264
566 2212
569 3153
569 624
573 624
574 2267
574 1518
574 2049
574 1109
578 2225
578 2367
579 1531
585 1422
585 1214
585 1997
585 1943
587 2840
588 828
588 2537
588 1255
589 3096
590 2206
591 1527
591 1145
591 2414
592 592
593 2325
595 1447
595 1961
595 878
597 3174
600 2105
600 1001
602 1858
603 3128
605 859
608 608
610 3039
610 1116
610 2911
611 2605
613 2603
614 849
615 2673
616 2596
616 2166
616 755
616 1422
616 1567
616 931
616 1943
616 622
617 2290
621 1790
622 2596
622 2925
622 1943
622 2416
622 1013
622 2418
622 1117
623 1506
624 2578
624 1836
624 915
624 1272
624 2845
624 865
624 3153
624 777
625 2376
626 626
626 2126
627 2632
627 755
627 2564
629 2630
633 1422
633 1470
634 2132
634 2899
634 1162
635 2922
636 3258
641 1080
641 1447
641 825
642 2464
642 1000
644 2282
649 2646
649 3046
649 3099
649 2911
650 1655
654 2515
656 2940
661 1439
661 1740
661 2639
661 2640
661 2264
661 1096
661 2405
661 1625
662 2260
665 2256
666 1491
666 3140
672 1738
673 2445
675 1864
675 2875
675 2827
677 2199
677 985
680 2089
681 2980
681 2577
683 2558
686 2827
687 3200
690 2579
690 2939
691 2396
691 2166
691 2481
691 968
691 1567
691 931
694 2965
695 2791
695 2792
696 2352
696 869
699 1347
700 2035
701 1712
702 2928
703 2745
704 2722
705 2577
705 2422
706 2927
706 800
707 2028
709 2320
709 2369
709 1987
709 2174
709 1557
709 936
711 3102
711 2727
712 1177
713 2554
713 2604
713 2554
713 2314
713 2314
713 1676
714 1083
717 1896
717 3311
717 1902
719 755
719 1190
719 1190
721 2683
721 1967
721 1485
722 1334
722 3107
723 2219
723 1088
724 2293
725 966
726 2747
729 2977
731 2310
733 1296
736 2339
740 1416
740 742
741 3036
743 2140
744 2235
744 2235
744 2519
744 3275
747 1723
747 2501
747 960
747 747
748 2668
749 1259
749 1195
751 1447
752 1204
754 2923
755 1013
755 1009
755 2585
755 1961
755 2663
755 2650
755 887
755 2254
755 2666
755 2667
755 2128
756 2385
758 2960
761 2375
762 2337
766 1037
766 1037
767 1321
767 3254
768 2645
768 2964
769 2081
771 1256
771 1103
771 2646
773 1725
773 2264
776 1030
776 781
777 2560
777 2845
777 1691
777 2261
778 3223
778 2252
781 2375
781 2479
784 1715
785 1397
788 3262
789 3176
790 1000
790 1545
790 3026
792 2476
793 916
794 1041
794 1357
795 2679
796 2063
796 2217
796 930
796 968
796 2119
799 1422
801 1391
804 1776
805 986
806 1537
807 1422
807 1214
807 2564
807 2667
808 2562
808 1620
808 2066
808 2562
812 2963
812 1789
812 1437
815 2339
818 1202
819 1247
819 2646
819 3046
819 2316
819 1200
821 2591
822 2498
825 1080
825 2855
825 1574
828 828
828 1255
829 1505
829 2411
829 1082
831 3063
831 3063
839 2487
839 1357
840 2559
841 1459
843 2579
843 2551
843 2202
845 845
846 3193
847 2360
847 1853
847 2592
847 1666
847 1517
847 1398
847 2205
847 2520
850 2596
850 886
850 2182
850 2024
853 2252
854 2620
856 1621
856 2739
858 1803
859 1795
860 1004
860 3296
860 2177
863 1780
863 2209
864 1346
864 1330
865 2266
865 2692
865 1999
865 1836
865 924
865 2212
866 3239
867 1173
868 897
869 2352
870 2019
872 1665
873 3225
875 1131
875 1918
875 1625
875 2797
875 1257
876 2848
876 3025
876 1366
877 2353
877 2467
877 1379
877 1672
877 2375
878 2313
885 2434
886 2277
886 1796
886 2768
886 2655
886 2182
886 1567
887 1422
887 2839
887 2859
887 1214
887 1943
887 1012
887 2282
887 1351
887 1112
890 2454
891 2471
891 2087
891 1108
899 2123
900 1072
902 2572
902 902
906 2568
906 1903
907 1706
910 910
911 3060
914 2136
914 1794
914 914
915 2301
917 1036
917 2660
918 3072
918 3080
919 1425
920 1469
922 1087
922 1246
923 2218
923 2316
923 3099
923 1170
923 2911
923 3018
924 2578
924 2845
926 934
927 1135
927 2899
929 2863
930 2196
930 2519
931 1025
931 1117
933 1977
933 1905
934 1616
935 3233
937 2377
938 2104
938 3251
941 1422
941 1214
941 2564
941 2667
942 2343
942 2305
942 1863
943 2010
943 1554
945 3016
946 1584
946 2906
947 1716
948 1114
949 2579
952 2982
959 3075
959 1949
960 2501
961 1405
962 2416
962 1422
962 3073
962 2418
963 3158
965 2234
965 2166
965 1301
965 1422
965 1567
965 3013
965 1943
965 1157
965 1112
967 2701
968 2234
968 2596
968 2166
968 2632
968 1422
968 1214
968 1625
968 1567
968 2564
968 2967
968 2774
968 2196
968 1943
968 1157
970 1949
971 2529
972 1736
973 2778
974 1891
975 2478
976 2434
982 1736
982 1130
984 2046
986 2419
987 2006
989 1033
990 1223
993 2774
993 2925
993 2427
997 1896
997 2703
997 1035
998 1315
998 1515
1000 2400
1000 1545
1001 1119
1001 1001
1002 1200
1002 2085
1003 1801
1004 2816
1005 1816
1006 2999
1006 2762
1007 1208
1008 1668
1009 1853
1009 1422
1010 2925
1010 1703
1011 2330
1011 1944
1012 1214
1012 1644
1012 2475
1012 2023
1012 2282
1013 2166
1013 1422
1013 1567
1013 1943
1014 1014
1018 1032
1019 2073
1019 1625
1021 1188
1021 3066
1021 2108
1022 1461
1022 1302
1023 2709
1023 1493
1025 2490
1028 2320
1028 2605
1028 1557
1029 1564
1029 1564
1030 2353
1030 2372
1030 2354
1031 2328
1031 2329
1033 1426
1033 2819
1033 2112
1035 2703
1035 1152
1035 1051
1035 1534
1035 1206
1036 2853
1039 2531
1039 1170
1040 2877
1041 1357
1044 1802
1044 2434
1044 2323
1044 1619
1044 1395
1044 1264
1045 3252
1045 3253
1045 1596
1048 1143
1049 2463
1049 2339
1054 1214
1054 1943
1055 2879
1058 1366
1059 1337
1062 2232
1067 3021
1069 2503
1069 2504
1070 2399
1070 1625
1071 1422
1071 2822
1071 2128
1072 1309
1074 1095
1077 1077
1078 2510
1078 2848
1078 1259
1079 1555
1079 1950
1080 1348
1080 1340
1083 1709
1083 3069
1084 2343
1084 2343
1084 1123
1085 3244
1087 1620
1087 2189
1088 2953
1092 1579
1092 3185
1093 2423
1093 2424
1093 2425
1093 2161
1094 2899
1094 2052
1097 2648
1097 1467
1097 1625
1097 2919
1097 2933
1097 2427
1097 1429
1099 1530
1100 1526
1102 1939
1103 1116
1103 2911
1105 1167
1109 1518
1112 2927
1112 1644
1112 1480
1112 2475
1112 1635
1113 3211
1115 2891
1115 3042
1115 3228
1116 1836
1117 2596
1117 2166
1117 1422
1117 1567
1117 2925
1117 1943
1117 1117
1118 1194
1119 2552
1119 2749
1120 1659
1120 2654
1122 2396
1123 2343
1126 3033
1129 2513
1130 1666
1130 2728
1130 1429
1130 2110
1130 2422
1131 1666
1131 1609
1131 2680
1131 2621
1135 2683
1135 2899
1135 1485
1136 2196
1137 2544
1142 1217
1143 2573
1143 3053
1143 3174
1143 1677
1143 3193
1144 1556
1144 1396
1144 1282
1145 2152
1145 1896
1148 1148
1149 1404
1151 1847
1152 2414
1152 2703
1153 3078
1153 3079
1155 2353
1155 2467
1155 1379
1155 1672
1155 2375
1156 1738
1157 1422
1157 1943
1157 1281
1159 2086
1161 2714
1162 3010
1163 2348
1163 2348
1164 2344
1166 1166
1167 2711
1167 1493
1167 1901
1168 1814
1169 1209
1170 2531
1170 2819
1171 1171
1172 1363
1173 2794
1177 1177
1180 1600
1180 2643
1180 2329
1180 1366
1180 2848
1180 3025
1180 1366
1182 2960
1183 1600
1183 2643
1183 1366
1184 2186
1190 2585
1190 2828
1193 1981
1193 1841
1194 3280
1196 1791
1199 1993
1202 2356
1202 2527
1208 1767
1208 2877
1208 2060
1210 1531
1210 2612
1211 1585
1211 1211
1212 1473
1214 2585
1214 2824
1214 1219
1214 1290
1214 1644
1214 1480
1214 2650
1214 2475
1214 2230
1214 2398
1214 1724
1214 2053
1214 2023
1215 2923
1216 1801
1219 1422
1219 2564
1219 2667
1227 2095
1227 2642
1228 1317
1231 1390
1231 1586
1232 2211
1232 2926
1235 2245
1235 1677
1237 3219
1237 1431
1237 1553
1241 1694
1241 1907
1244 2944
1244 3193
1245 1245
1245 2482
1246 2776
1248 1248
1249 2280
1252 3119
1253 1915
1253 1510
1253 2455
1254 2722
1255 2537
1256 2259
1256 3046
1257 2797
1258 1689
1258 1689
1259 2897
1259 2510
1262 2825
1263 2529
1264 2369
1264 2984
1264 2174
1268 2352
1269 1269
1271 1461
1271 1302
1273 1422
1274 1739
1276 1291
1277 2725
1279 2627
1279 2628
1281 2234
1281 1943
1282 2381
1283 1370
1284 1312
1286 1411
1286 1543
1286 2366
1286 3286
1287 2940
1287 2058
1288 1648
1290 2023
1296 1585
1297 2393
1301 2774
1302 1461
1305 3021
1306 3180
1306 3181
1307 2112
1308 2680
1308 1769
1311 2607
1311 2316
1314 3094
1316 3015
1319 1770
1319 1603
1319 2237
1321 3229
1321 3230
1323 1323
1324 2816
1324 2817
1324 2816
1330 2369
1330 2371
1333 2594
1333 2711
1336 1681
1340 2855
1341 3151
1341 1925
1342 2396
1343 1422
1343 1427
1343 1943
1343 2398
1344 2118
1348 2276
1348 1574
1349 3129
1349 1749
1350 1399
1351 1644
1353 2900
1355 2866
1355 2984
1356 1762
1358 2919
1359 2174
1360 1360
1366 2088
1374 2078
1377 1438
1378 2907
1379 2353
1379 2375
1379 1823
1384 3052
1386 1635
1389 3043
1390 2173
1391 2756
1395 2323
1395 2866
1395 2984
1396 2381
1398 2427
1398 2110
1398 1429
1399 1666
1399 2675
1399 2427
1399 1429
1400 1944
1401 1411
1403 1978
1404 1404
1406 1406
1409 2738
1411 2366
1411 2367
1411 1726
1411 2368
1412 3138
1415 1668
1417 2645
1417 2217
1417 1758
1422 2396
1422 1470
1422 2234
1422 2822
1422 2047
1422 2823
1422 2585
1422 2490
1422 2824
1422 2825
1422 2668
1422 2139
1422 2663
1422 1607
1422 1644
1422 2116
1422 2650
1422 2827
1422 1663
1422 2475
1422 2230
1422 2828
1422 2398
1422 1724
1422 2053
1422 2254
1422 2830
1422 1582
1422 2244
1422 2023
1422 2651
1422 2064
1423 2059
1426 3153
1427 2925
1428 1884
1429 1625
1429 1853
1429 2147
1429 1989
1429 1759
1429 2110
1429 2422
1429 2520
1433 3065
1433 3064
1435 2729
1435 2898
1435 2730
1435 1854
1436 1810
1437 2259
1440 3034
1440 2124
1441 2669
1441 1762
1441 2603
1445 2020
1447 2560
1448 2353
1448 2738
1451 3308
1453 1625
1456 2694
1457 2955
1457 2644
1457 2955
1457 2156
1458 2972
1459 1459
1461 2215
1461 2918
1464 1551
1469 2163
1472 2646
1472 3046
1472 2210
1473 2964
1475 3264
1476 2655
1480 2715
1484 2113
1484 1920
1484 2063
1484 2912
1486 1864
1487 2138
1487 1491
1490 2033
1491 1767
1491 2060
1492 2565
1492 1625
1493 2187
1494 2239
1495 1929
1497 2336
1500 1500
1503 1503
1503 1674
1505 2411
1505 2411
1509 3056
1513 2300
1515 2050
1517 2183
1517 1580
1517 2361
1517 2362
1518 2267
1518 1518
1524 3032
1524 3064
1529 3199
1529 1925
1532 1915
1533 2927
1534 1896
1534 2703
1536 2220
1536 2220
1536 1536
1536 2452
1539 2653
1540 2363
1543 2732
1544 2895
1545 2400
1545 3026
1547 2432
1549 1549
1551 2269
1551 1704
1551 2332
1551 1704
1554 3044
1555 2469
1557 2321
1557 2322
1557 3227
1559 1593
1560 2559
1560 1705
1561 2228
1567 2416
1567 2204
1567 2655
1567 2182
1567 2925
1567 2418
1568 2680
1568 2485
1569 2708
1575 2478
1575 1944
1575 2919
1580 2360
1580 2880
1580 2183
1580 2361
1580 1640
1580 2362
1581 3242
1582 2032
1584 2380
1585 2770
1585 1874
1585 2020
1596 3252
1596 3253
1598 2285
1599 2116
1600 2848
1600 3025
1603 2867
1607 2475
1608 2192
1609 1625
1610 3022
1611 2071
1612 2307
1615 2646
1619 2323
1620 2440
1620 1826
1620 2245
1620 2636
1620 2562
1620 2631
1620 2721
1620 2977
1620 1817
1620 1771
1620 3026
1623 1627
1625 2680
1625 1666
1625 1759
1625 2632
1625 2886
1625 2621
1625 1965
1626 1897
1626 2856
1628 2155
1632 1632
1634 2866
1634 2208
1636 1876
1640 1923
1640 2183
1642 2474
1646 1898
1648 2266
1649 1805
1653 1714
1655 2000
1655 3209
1656 1656
1659 1659
1661 2272
1663 2396
1664 3092
1664 3297
1665 1670
1666 1989
1666 2427
1666 2110
1667 2603
1667 3286
1668 2399
1672 2353
1676 2554
1676 2604
1679 3295
1683 1836
1683 2448
1683 2449
1683 2220
1683 2452
1688 1914
1690 2221
1694 2486
1695 3090
1695 2037
1696 1760
1704 2269
1704 2332
1705 2559
1706 2270
1714 1869
1718 2433
1718 2703
1718 2705
1724 2253
1724 2542
1725 2264
1726 2368
1730 2795
1731 2230
1731 2774
1731 1943
1734 2013
1751 2319
1755 2363
1757 2319
1758 2253
1758 2527
1758 2217
1759 2621
1759 1918
1761 2565
1770 2867
1772 1890
1772 2222
1775 1873
1779 2974
1784 2231
1784 3205
1787 2209
1788 2251
1791 2819
1791 2055
1792 3265
1798 2526
1800 2847
1802 2174
1802 2323
1806 2804
1808 3011
1808 2202
1808 3249
1809 3249
1812 2328
1831 2377
1831 2264
1836 2447
1836 2578
1838 2187
1840 2348
1840 2349
1840 2349
1842 2646
1844 2460
1846 3247
1847 1907
1847 2731
1851 3125
1853 2527
1856 2979
1858 2031
1860 2092
1861 2530
1863 2368
1866 2081
1867 2358
1868 2729
1868 3068
1868 3068
1870 2945
1871 2478
1872 2655
1881 1881
1883 2678
1886 1886
1888 2093
1889 2751
1890 2884
1890 2628
1890 2222
1891 3046
1895 2383
1896 2702
1896 2048
1896 2703
1896 2705
1896 2706
1896 2708
1900 3111
1901 2648
1902 2703
1903 2493
1904 2666
1906 2127
1906 3155
1907 2005
1907 3125
1910 2925
1910 3129
1915 2302
1917 2339
1917 3282
1918 2650
1918 2797
1919 2259
1921 2316
1923 2183
1927 2550
1932 3046
1932 2447
1937 2069
1939 2447
1940 2405
1943 2396
1943 2234
1943 2416
1943 2823
1943 2398
1943 2418
1944 2534
1944 2535
1946 2899
1949 3208
1949 3075
1955 3097
1956 1965
1956 2964
1965 2886
1965 2964
1967 2672
1967 2066
1969 3307
1974 3313
1976 2827
1980 2655
1981 3020
1981 3071
1981 2340
1981 3312
1983 3152
1986 2594
1986 2711
1987 2174
1988 2408
1989 2426
1989 2427
1996 2880
1997 2107
1997 1997
1997 2264
1999 2212
1999 2578
2000 2635
2005 2713
2005 2731
2009 2009
2010 3044
2012 2746
2020 2510
2022 2273
2022 3071
2022 3312
2023 2282
2027 2781
2028 2721
2033 2474
2037 3090
2040 2957
2044 2518
2048 2710
2050 2587
2052 2900
2056 3243
2058 2727
2063 2912
2063 2113
2063 2196
2064 2396
2065 2686
2065 3206
2066 2562
2066 2189
2072 2943
2073 2592
2075 3077
2078 2078
2084 2197
2089 2217
2090 2949
2092 2436
2092 2722
2095 2245
2096 2958
2103 2103
2107 2398
2109 2906
2113 2912
2117 2892
2119 2196
2120 3009
2122 2399
2127 2841
2128 2667
2128 2822
2131 2131
2132 2275
2132 2631
2132 2899
2140 2548
2141 2854
2144 2250
2155 3188
2159 2895
2161 2424
2166 2416
2166 2204
2166 2418
2174 2413
2174 2439
2174 3138
2175 2307
2178 3240
2180 3107
2183 2311
2183 2361
2189 2740
2189 2921
2189 2776
2189 3017
2190 2207
2194 2194
2195 2566
2196 2217
2196 2519
2196 3266
2202 2524
2204 2596
2208 3128
2209 2554
2209 2604
2209 2555
2210 3153
2212 2578
2217 2645
2217 2519
2219 2339
2220 2447
2228 2228
2228 2363
2228 2364
2237 3269
2237 2867
2239 2632
2248 2285
2250 2399
2251 3295
2259 2278
2262 3295
2269 2332
2271 3268
2275 2899
2277 2655
2278 2646
2278 3046
2281 2651
2289 2907
2291 2828
2294 2294
2308 2341
2311 2880
2311 2361
2314 2739
2314 2739
2314 2339
2316 2383
2316 2673
2320 2321
2320 2322
2320 3227
2323 2434
2329 2613
2334 2538
2337 2430
2338 2339
2338 2340
2339 2463
2339 3071
2339 3282
2345 2347
2348 3040
2348 3041
2348 2349
2352 2407
2353 2354
2355 2356
2358 2431
2358 2652
2360 2361
2360 2362
2361 2880
2363 3164
2363 3164
2366 3286
2367 3152
2368 2943
2369 2370
2369 2371
2371 2371
2372 2373
2372 2375
2380 2534
2385 2386
2385 2893
2392 2393
2396 2398
2398 2925
2416 2490
2418 2490
2422 2655
2422 2427
2423 2424
2424 2424
2424 2425
2425 3011
2426 2426
2427 3028
2428 2428
2434 2434
2434 2654
2440 2441
2445 2955
2445 2957
2447 2448
2447 2449
2447 2452
2454 2454
2455 2866
2456 2457
2460 3142
2475 2925
2478 2919
2481 2596
2487 2489
2492 2733
2492 3249
2494 2954
2494 3128
2494 2494
2515 2911
2517 2751
2519 2718
2519 2719
2519 2720
2523 2523
2524 3249
2525 2525
2530 2530
2534 2837
2538 2642
2550 2551
2551 2579
2554 2555
2555 2604
2558 3193
2563 2563
2573 2574
2573 2575
2576 2576
2583 2583
2583 2866
2585 2828
2596 2598
2603 2669
2606 2606
2615 2812
2617 2618
2627 2628
2631 2899
2631 3009
2632 2650
2632 2651
2635 3024
2643 2776
2646 2911
2646 3017
2646 3018
2651 2827
2651 2828
2654 2654
2657 2863
2660 2853
2660 3255
2668 2846
2670 2671
2670 2672
2670 2673
2670 2672
2673 3284
2679 2750
2685 2686
2686 3132
2694 2695
2696 2697
2702 2703
2703 2703
2703 2705
2703 2706
2705 2706
2714 2715
2718 2720
2722 2723
2724 2724
2729 2730
2730 2898
2732 2733
2737 2738
2739 2740
2739 2741
2747 2748
2761 2762
2761 2763
2762 2999
2764 2765
2773 2928
2773 3272
2774 2925
2794 2795
2804 2805
2805 2908
2806 2807
2824 3308
2828 2842
2828 3000
2830 2859
2842 2843
2849 2850
2866 2984
2876 2876
2896 2897
2899 2900
2899 2901
2899 2899
2899 2902
2911 3046
2911 3317
2911 3017
2914 2915
2925 2967
2926 2927
2933 2933
2936 2937
2949 3011
2950 2951
2950 2952
2955 2957
2959 3025
2974 2975
2984 2994
3003 3004
3017 3046
3019 3159
3036 3203
3057 3058
3066 3067
3072 3080
3082 3082
3090 3091
3106 3107
3122 3122
3123 3123
3126 3127
3132 3193
3146 3148
3169 3172
3172 3173
3176 3177
3180 3181
3190 3190
3193 3194
3193 3195
3193 3196
3193 3197
3200 3201
3203 3204
3204 3204
3227 3227
3228 3236
3230 3254
3252 3253
3260 3260
3286 3287
3319 3320
3322 3323
