3066 1
591 1
1977 5
1191 5
3106 5
3198 2
2703 1
438 1
473 5
42 2
2908 3
2650 2
760 3
1983 5
2983 5
2194 0
561 3
1117 2
2347 5
3080 1
1582 2
2221 2
2293 2
2319 2
1139 5
2752 4
1001 3
2773 5
535 1
1395 3
273 3
720 1
2474 2
1639 1
2899 4
30 2
399 0
1086 3
719 2
588 1
742 4
309 3
1490 3
2683 0
870 5
867 1
2970 1
2937 3
593 3
756 3
2328 2
2201 1
411 4
2258 4
481 0
2207 4
2280 0
740 4
2120 4
38 3
1648 2
3193 5
1978 0
2010 5
585 2
1254 3
936 2
1217 1
3102 5
2172 1
2463 4
1923 2
1119 3
2235 2
1572 5
1337 1
942 5
3142 1
1184 5
1921 4
266 5
675 3
1557 3
466 3
2303 2
2598 2
2189 4
1640 2
590 2
1334 5
1072 4
1221 4
2960 1
3048 4
1168 5
2791 1
1982 0
1002 4
3159 4
1132 4
94 3
955 3
891 3
97 4
605 4
2455 3
3134 0
351 2
1113 4
2577 2
1048 5
2099 3
3112 3
1901 1
549 2
594 1
2020 3
258 2
378 5
3077 4
758 0
134 3
1268 0
2592 2
1846 0
1120 3
1609 2
2323 3
668 1
1773 3
2740 4
2275 4
988 1
1404 3
1735 4
1103 4
381 1
2680 5
2049 2
2574 2
1537 3
2893 1
81 1
2652 3
1999 4
1725 2
2340 3
3038 3
3309 0
3191 3
869 3
2781 0
1980 2
3307 2
597 5
1212 3
153 2
2527 2
2209 3
2119 3
1370 4
3282 4
1812 2
2047 2
210 1
911 4
747 1
2731 4
1924 4
3091 1
1014 4
1911 0
885 3
2131 1
610 4
77 3
126 0
3179 0
2737 3
33 5
559 2
2423 1
2848 3
47 4
314 2
1241 5
2676 2
2306 5
3223 4
2743 3
1599 2
434 2
1076 5
2096 5
3028 2
1726 5
2503 0
186 3
2234 2
267 2
3297 3
2742 1
2714 2
613 5
3246 1
1776 3
846 5
284 4
1546 2
733 2
2859 2
416 5
2807 0
2952 2
202 3
3189 3
1440 2
2199 2
1559 1
2579 5
1417 5
863 0
749 3
2576 3
938 5
386 3
1800 2
2929 5
2149 0
973 3
910 3
2501 1
2619 5
2611 4
3266 2
2086 5
2332 0
713 3
1718 1
2686 5
2330 1
806 3
2484 3
1023 1
239 1
1482 1
974 4
696 3
3265 3
1355 3
622 2
2174 3
569 2
2091 2
1642 1
128 0
2895 3
234 4
2074 4
1585 3
98 3
790 4
3011 5
310 3
3240 3
865 4
2210 4
1041 2
1429 3
3281 2
150 1
1905 5
2425 5
3289 5
818 1
1881 5
1801 1
3199 1
1670 1
1756 4
2302 3
1081 3
2634 0
3319 1
712 0
1988 4
2325 3
1634 3
2055 4
2295 4
1202 2
2197 5
812 4
914 0
2447 4
130 4
452 4
2632 1
656 5
195 3
2842 5
927 4
499 2
2607 5
2613 0
387 5
1280 4
2764 2
1762 5
2753 0
922 4
1480 2
801 0
307 2
1271 4
506 1
1741 5
1486 3
1256 4
455 4
1540 2
2475 2
409 1
1517 2
2699 5
2827 3
2554 3
1273 2
1088 3
2788 0
1070 3
1231 4
2959 3
377 2
2891 1
92 4
358 1
2997 3
1547 1
2672 5
20 1
2139 2
432 5
403 1
3094 3
1533 2
124 2
1283 4
866 3
2805 3
1779 5
1714 0
1574 0
1249 0
3052 5
1228 2
3044 5
175 5
751 4
2071 5
2182 2
976 3
1387 4
947 4
2366 5
717 1
1961 2
2854 1
887 2
1398 2
849 1
1371 0
2533 1
3186 2
180 2
2841 5
2928 5
2747 5
1311 4
2922 0
340 2
3271 5
289 2
2187 1
1176 2
17 4
437 0
3295 4
3054 1
1085 4
2944 1
2844 4
642 4
2222 5
3015 5
1850 3
2051 2
3004 5
1611 5
1090 4
245 3
1532 0
2254 2
2700 3
3219 5
1243 3
674 5
1526 3
2341 3
3275 3
990 0
2963 4
1597 0
657 3
3227 3
773 2
900 4
489 4
2030 4
2671 5
2490 2
1071 2
688 3
3122 3
608 3
2582 1
2583 3
1919 4
2727 5
2556 0
1216 1
2183 2
1038 3
633 2
2058 5
72 1
1704 0
2198 1
930 2
941 2
1830 3
1025 3
3293 5
396 2
522 3
2823 2
1262 5
3092 3
1098 4
1012 2
1344 1
673 1
108 0
1772 5
3099 3
2724 5
1109 3
1507 5
2850 1
425 4
830 5
3262 2
2494 3
1227 5
65 1
3326 5
1960 3
1950 2
2376 3
2009 4
872 2
1308 5
380 5
2728 2
2220 4
2391 4
666 5
2288 5
992 2
152 2
360 0
3149 2
3128 3
1000 4
646 1
1475 4
2243 5
3084 5
2123 3
1593 2
1300 2
1223 1
1148 0
107 0
937 2
616 2
2362 2
659 3
3252 4
2621 2
3043 2
2060 2
3190 3
2322 3
547 4
3272 5
1007 1
453 2
2525 0
500 5
2886 2
1126 2
1823 3
766 5
548 2
1211 3
2411 4
1604 5
880 2
364 1
2843 2
1555 3
2739 4
435 2
102 1
301 4
2085 4
2523 2
3057 1
115 0
2518 2
2793 3
162 2
2394 3
3229 1
414 2
1981 3
2019 3
1476 2
2954 3
603 3
1764 1
1740 2
338 5
1956 2
1053 5
1793 1
1030 3
1649 5
1925 1
1672 3
2048 1
636 3
1625 2
3228 1
87 4
3074 1
138 1
1888 0
3248 5
55 1
2035 1
1033 4
2478 1
1265 4
2052 1
2231 5
183 3
1151 5
1315 4
3034 2
1767 2
213 2
361 2
279 3
615 4
1418 4
176 4
25 2
918 1
2192 3
1636 1
363 2
2763 4
1679 4
1677 5
241 3
1087 4
2706 1
1790 5
2915 0
1182 1
1940 3
1791 4
2587 1
2566 5
3020 3
1692 1
262 0
2218 5
1760 2
2630 2
70 4
469 4
3002 3
198 0
2816 4
743 5
1100 3
2072 5
1681 2
1161 2
2472 4
2372 3
960 1
1529 1
1166 4
1324 4
1535 2
660 1
1972 0
526 4
2810 4
2063 2
1097 1
193 2
240 1
578 5
305 5
1374 0
1396 1
592 3
3025 3
1003 1
2093 3
2269 0
2348 1
1307 4
2245 4
1840 1
2102 3
767 1
3009 4
2364 3
2951 4
859 4
2454 0
1709 5
1696 2
3263 2
1641 2
3141 2
1095 5
1183 0
366 2
359 4
151 1
2943 5
2612 4
1656 4
1123 5
1333 2
1796 5
1036 3
2849 1
784 5
456 1
68 4
2813 3
2925 2
2722 3
1499 2
2314 4
2487 2
2990 0
1667 5
1898 2
2524 5
792 5
353 3
1021 1
1918 4
461 1
2244 2
248 1
2075 1
1484 2
1738 1
2572 1
1833 1
2426 2
1644 2
2440 4
3036 5
1384 3
2228 3
217 3
2092 1
