9 1007
10 2622
12 113
14 146
16 1605
17 2150
21 1073
25 2057
28 2312
32 118
32 3009
35 89
36 763
39 1412
40 2625
43 1238
47 3130
47 3131
52 1617
58 2009
58 284
58 1416
58 740
58 742
62 1620
70 2335
73 497
75 1879
76 2530
76 1132
76 2644
76 1861
76 2955
76 2428
82 2271
83 3046
83 1932
83 1383
83 654
83 1842
83 540
83 584
83 2673
83 649
83 1225
83 923
83 1077
83 3017
83 3018
96 132
97 1201
98 2297
113 150
113 1533
114 2677
114 1419
114 1538
119 132
122 827
131 2622
132 1329
132 3134
132 1322
136 2507
137 1034
137 755
137 1422
138 2488
144 847
144 1130
144 2110
144 1429
145 3121
146 1248
147 1439
147 2625
147 1350
147 2264
147 2405
148 2068
154 450
154 1131
154 1625
154 1668
154 1112
156 3084
156 942
156 1334
156 1677
157 2507
160 2133
163 3182
166 667
168 3193
172 2320
172 2322
172 1557
173 519
174 1289
177 1971
177 2687
180 2638
182 2262
183 2946
186 2507
189 2076
190 3184
192 192
195 1407
197 715
197 755
198 2001
209 1991
211 1444
222 567
227 843
227 2619
227 3249
227 1809
228 3012
229 1230
230 356
232 333
236 618
238 735
246 1422
268 1942
268 2622
268 3242
268 3324
269 3234
269 1782
269 3235
269 1903
269 3228
269 3236
271 1266
279 1928
290 2701
304 637
306 1368
307 1230
308 2930
308 3221
310 1878
312 2644
314 1605
321 3083
322 1879
325 3184
327 1382
331 2948
333 777
334 1692
336 2580
339 2789
340 1050
342 3296
344 2238
346 1663
348 1991
351 2638
356 3156
357 1948
364 1991
371 3071
371 2463
371 1423
371 1981
371 1746
378 2767
383 1033
383 989
394 1879
395 2622
400 400
401 2739
408 637
410 1808
410 3106
424 3163
428 1439
428 2625
428 2264
428 2405
428 773
429 2028
429 1620
429 541
429 2154
430 1684
431 1268
431 2352
431 1174
431 869
445 2891
450 2507
451 1630
453 2784
453 2786
454 2828
455 1684
460 3030
461 1508
465 2153
468 2622
469 1478
470 1982
471 2554
471 2588
471 2314
471 1676
474 3055
474 3056
476 2203
482 3156
485 1052
486 1570
487 1651
487 1140
487 734
487 2108
494 637
497 1779
497 2974
497 2975
506 1583
506 3213
512 620
515 1383
517 1583
520 2402
520 2380
524 2938
529 1958
538 632
539 1783
541 1865
541 3050
545 1046
546 546
548 1877
548 851
559 1570
561 2580
567 2486
567 2898
567 2730
567 2005
567 2400
567 2464
567 1435
567 3221
568 3023
573 670
573 1478
575 620
576 1887
577 1971
582 2134
582 2249
582 1525
582 637
595 618
598 1887
604 2458
607 1879
609 2866
609 684
611 620
616 2862
616 1605
618 2380
619 2290
620 2413
620 2439
620 2605
620 2174
620 2321
620 709
622 1605
623 632
624 1318
624 2134
629 1460
637 1620
637 2440
637 2562
637 1921
637 1967
637 1797
637 2977
637 2066
637 808
637 2189
638 3039
638 2218
650 2505
657 658
660 1481
661 2641
664 1203
667 1187
670 974
670 2844
670 2578
670 1836
670 1565
670 2771
670 865
670 924
670 1311
670 1472
671 1960
674 1865
682 2494
682 2228
685 2961
688 1928
690 2948
690 1613
696 1236
697 1783
708 3156
713 2588
730 2985
730 2986
730 2987
734 1651
737 1460
742 1380
745 2921
746 3193
746 2420
746 3028
755 2488
755 2664
755 2622
774 1562
774 2606
786 2216
791 2309
792 1671
802 1573
811 1970
813 2770
813 2771
813 1874
813 1585
817 2616
823 1909
827 2421
835 3030
842 842
842 1963
848 848
850 1605
851 2863
854 1521
860 2497
880 1877
884 2512
884 1172
889 2545
889 1430
901 1810
901 1436
902 1201
905 1484
906 2567
912 1605
920 2547
921 3017
921 1280
921 3026
928 1326
934 2133
954 3108
956 1461
956 1022
965 3014
968 1605
978 1422
978 1764
979 2458
981 2311
988 2458
992 1421
998 3314
998 2589
1000 3120
1004 2497
1009 2507
1011 1583
1013 1605
1021 2589
1030 1971
1031 1125
1034 1230
1034 1617
1042 3045
1046 2259
1046 2054
1052 1239
1052 2657
1052 2752
1063 1675
1068 2899
1073 3303
1085 3139
1087 1239
1092 1662
1096 2638
1097 1879
1104 2871
1107 2497
1111 2727
1111 1983
1112 2820
1112 3014
1117 1605
1123 1855
1123 1733
1125 1125
1125 2884
1125 2884
1130 2057
1138 2767
1139 2223
1146 1896
1153 2968
1159 2754
1165 2041
1170 1225
1175 2958
1180 2580
1185 2955
1186 2306
1186 1868
1186 3193
1191 3108
1201 2572
1202 1570
1203 2438
1205 1212
1205 2830
1213 2325
1214 1230
1214 2784
1214 2860
1214 2786
1222 2684
1225 1932
1230 1666
1230 1290
1230 2859
1235 2335
1238 1422
1239 1265
1239 2210
1239 2249
1251 2622
1252 3117
1252 3118
1261 2481
1271 2601
1302 2601
1303 3047
1307 1865
1320 2629
1320 2159
1326 2245
1326 1408
1326 1620
1326 2335
1326 2400
1327 2164
1331 2142
1333 1879
1345 1892
1349 2528
1351 2121
1354 2812
1365 1504
1366 2580
1372 1841
1380 1416
1381 2553
1382 3038
1385 2452
1393 1721
1399 1587
1407 1407
1410 2814
1419 2339
1419 1698
1422 2820
1422 2115
1422 2664
1422 1630
1422 2784
1422 2622
1439 2638
1445 2401
1448 1971
1457 2956
1461 2601
1499 3135
1502 2201
1507 3001
1520 1520
1522 2335
1548 3268
1548 2271
1552 1552
1563 3062
1568 2767
1570 2356
1571 2055
1571 3117
1571 3118
1571 3119
1583 2387
1583 2584
1583 1843
1583 3080
1587 2420
1587 2147
1587 1989
1587 2421
1587 2110
1587 2422
1587 1625
1587 2919
1588 2468
1605 2925
1605 1943
1605 2416
1605 2637
1605 2418
1605 1708
1606 2691
1609 1877
1610 1733
1613 2727
1613 2058
1614 1975
1614 1975
1617 2211
1617 2927
1617 2475
1617 2926
1617 1724
1617 3014
1620 2335
1624 3038
1625 2638
1630 2621
1654 2312
1662 3185
1671 2400
1672 1971
1676 2588
1683 2450
1683 2451
1698 2586
1698 1705
1702 1711
1709 2948
1711 1774
1719 2589
1724 1958
1727 1865
1727 1865
1730 2516
1732 2033
1733 3305
1733 3306
1740 2638
1742 2458
1746 3071
1746 1981
1746 2339
1747 2121
1747 2390
1757 3030
1759 2622
1766 1991
1766 3183
1769 2767
1781 2659
1782 2458
1804 2458
1806 2865
1820 1954
1837 2811
1848 2401
1849 2400
1853 2488
1855 2343
1865 3046
1865 2283
1877 2196
1877 2401
1878 2446
1878 2936
1879 1986
1879 1956
1879 2205
1887 2358
1887 2431
1887 2233
1887 2232
1889 2516
1896 2170
1907 3232
1908 3301
1924 3147
1928 2326
1941 2998
1965 2488
1967 2312
1970 2836
1971 2373
1971 2354
1971 2479
1972 3245
2008 2818
2011 2076
2014 3088
2014 2172
2026 3279
2029 3205
2038 2907
2041 2462
2041 3224
2042 2303
2068 2068
2095 2335
2115 2967
2121 2390
2125 2821
2134 2911
2136 2505
2149 2789
2151 2717
2153 2345
2153 3202
2153 3294
2162 2622
2163 2547
2167 3131
2170 2703
2193 2742
2196 2507
2230 2784
2230 2622
2230 2860
2252 3231
2252 3232
2259 2450
2264 2638
2279 2279
2284 2297
2304 2528
2306 3156
2309 2334
2309 3167
2309 3168
2312 2401
2314 2588
2316 2547
2329 2614
2342 2878
2365 3163
2394 2395
2395 2460
2396 2397
2401 2924
2401 2959
2405 2638
2447 2450
2447 2451
2450 2646
2453 3156
2458 2459
2458 2460
2458 2461
2464 3120
2485 2767
2487 2488
2491 2492
2497 3296
2507 2883
2507 2520
2507 2598
2516 2517
2570 2831
2580 2580
2580 2848
2580 3025
2589 3066
2613 2614
2614 3292
2622 2830
2625 2650
2638 2639
2638 2640
2638 2641
2640 2641
2667 2786
2690 2691
2713 3232
2731 3232
2743 2744
2772 2773
2772 3272
2774 2968
2788 2938
2814 2815
2820 2925
2820 3324
2832 2833
2905 3175
2916 2917
2934 2935
2946 2946
2955 2956
2967 2968
2980 2981
2985 2986
3003 3005
3030 3263
3049 3050
3080 3081
3102 3267
3108 3109
3108 3110
3117 3118
3139 3244
3146 3147
3171 3172
