3157 4
1046 4
1991 1
163 3
182 4
308 5
2588 3
1460 3
1865 4
2986 0
1521 4
1820 5
1605 2
156 5
774 4
2862 2
497 5
1203 3
1587 1
520 2
1213 3
2547 0
3175 2
2664 2
1383 5
2589 1
2516 1
3118 4
3062 3
246 2
454 3
2008 0
1570 2
798 4
1419 4
3083 1
2249 4
431 3
1326 4
2580 3
543 2
2528 2
2450 4
132 1
82 1
2717 2
1928 3
3130 0
192 3
1879 2
1583 1
1909 0
2505 0
144 2
1684 4
1444 1
620 3
334 0
3301 3
2014 1
577 2
2754 5
1971 3
147 2
227 5
1368 3
1175 3
978 2
521 2
2833 0
670 4
3279 1
1571 4
1573 4
1671 3
1240 3
1073 5
3267 5
268 3
3171 3
1042 3
2335 4
2076 2
2981 1
745 4
3014 2
2691 1
83 4
956 1
2401 2
2946 3
3081 0
1975 3
1711 0
2451 4
2193 1
1186 5
844 5
1746 3
