1 2919
1 2933
1 1097
1 486
7 1833
11 2034
12 1622
15 2521
16 1708
18 582
26 2729
26 222
29 1422
29 2838
31 136
31 1759
31 1131
31 1625
34 75
40 631
41 606
41 3309
41 1059
43 136
43 2633
46 3237
48 2185
51 1034
51 493
56 2609
59 2826
61 1443
77 1222
81 2976
84 582
84 653
86 1857
92 582
95 928
99 1015
100 100
100 2158
102 1016
103 2130
104 1964
104 1768
110 541
114 553
114 2074
114 1686
119 1829
120 1650
122 2421
125 831
130 582
133 1631
136 1561
136 1759
136 1940
136 2315
136 1702
136 2519
136 2520
136 2598
138 468
139 958
142 2734
142 1455
150 1622
179 1860
179 2436
179 2696
189 1802
189 2434
194 1522
203 2899
203 3009
203 1094
205 783
208 2966
212 2835
212 783
213 2097
214 2485
214 2928
214 2773
215 582
219 3093
220 755
220 1422
220 1214
220 1034
220 2475
220 968
222 1392
224 1622
229 2785
229 895
233 2079
234 582
236 1582
240 2942
241 1414
245 3124
260 2749
272 450
272 2765
273 468
275 710
278 2469
278 2015
288 1361
295 3061
298 468
299 1134
299 1057
300 1410
314 912
314 2637
314 1708
316 2932
319 2220
319 1536
319 2646
321 2227
324 3116
344 3289
345 1452
347 2633
349 2760
352 1728
354 3006
357 2351
361 2185
365 630
370 2157
372 3193
377 715
379 582
379 2189
384 1930
390 1916
391 2995
396 2887
396 468
397 1522
398 1251
402 1414
405 1660
405 582
406 1296
411 1410
414 2429
417 915
418 1207
426 2129
427 2114
427 2477
438 2966
441 1782
444 2655
444 1301
450 1020
450 882
453 1034
453 835
456 1592
458 2233
459 2099
460 1751
460 992
460 3263
464 1853
464 1758
465 2973
468 1853
468 2718
468 2719
468 2089
468 1665
468 2196
468 2217
468 930
468 968
468 1097
468 768
468 1473
468 1251
468 680
468 1736
468 982
482 3276
484 1531
484 1210
488 667
489 582
492 1034
493 2151
493 1214
494 1620
496 861
504 2844
504 624
505 1729
515 1498
529 1724
536 2477
537 836
540 1945
540 555
540 2910
540 911
540 2515
540 923
540 2911
540 2646
540 3046
541 1620
541 2269
541 1704
541 2840
541 928
541 2721
541 2745
541 1464
541 1768
541 3047
541 809
541 822
541 1477
541 3048
541 3049
541 703
547 582
549 1821
550 2899
550 3009
550 3010
556 969
558 2976
563 582
564 3048
564 1477
568 1839
571 571
579 1410
581 1750
582 2391
582 2447
582 3216
582 3217
582 879
582 676
582 2840
582 1410
582 1753
582 2920
582 587
582 2100
582 647
582 2258
582 1004
582 2921
582 1921
582 1693
582 1387
582 2950
582 2973
582 1660
582 2179
582 3099
582 1967
582 1200
582 1002
582 3148
582 3218
582 1170
582 2066
582 1701
582 653
582 3017
582 790
584 2531
584 1039
586 2556
586 1422
586 2116
586 1214
588 2536
590 2185
596 3191
602 958
604 692
610 2910
615 1818
616 1708
622 912
622 2637
622 1708
622 1708
627 2681
630 2319
630 1757
639 2753
639 1893
640 3214
640 1935
643 1741
649 2495
659 1720
664 2438
667 1530
667 1707
667 1243
667 760
667 3101
667 1555
667 1099
668 1294
668 2536
669 2492
673 1293
673 3261
679 1979
689 2729
689 3221
690 3007
695 1682
709 1424
710 1159
715 2264
715 2405
715 1725
715 1940
717 2976
727 1682
732 1250
744 2586
747 803
747 803
751 1446
755 912
759 1512
760 1707
765 2124
769 1016
783 2835
783 2837
783 3076
802 1854
802 1854
803 803
803 3019
803 990
819 2734
822 1043
834 834
835 1422
835 2828
838 838
840 2477
847 2633
852 1304
860 2920
861 1171
861 2178
877 940
882 2519
883 1496
887 1034
892 892
893 2318
895 1290
895 1012
895 2023
909 2268
912 2416
912 2490
912 2925
912 1708
912 1117
917 2176
920 1832
930 2633
935 2590
940 1155
946 2379
951 1638
951 2656
951 3154
953 2298
953 1440
954 2366
955 3144
958 3035
962 2226
962 2097
968 2226
968 2097
968 3086
968 2633
969 1687
990 1207
993 2097
993 2775
994 2675
996 3116
1002 2734
1004 2920
1012 1034
1012 2681
1012 2785
1015 1422
1016 1866
1018 2514
1018 2514
1032 2514
1034 1644
1034 2475
1034 1607
1034 1422
1034 1214
1034 2475
1034 2925
1038 2082
1043 2498
1043 1829
1047 3237
1072 1818
1079 1707
1086 1807
1087 2054
1089 1400
1089 1400
1097 1894
1102 2602
1105 1894
1106 2403
1106 2757
1107 2496
1112 2522
1112 1251
1117 1708
1117 2637
1131 2681
1131 1251
1141 1241
1144 2382
1158 2813
1160 1432
1165 2462
1167 1894
1173 1720
1173 2796
1176 2226
1176 1821
1181 3316
1197 1896
1198 1724
1214 2826
1218 1868
1218 3068
1220 2472
1220 2670
1220 2672
1220 1721
1220 1629
1221 2054
1222 2434
1222 1864
1224 2348
1226 2853
1229 3098
1232 2226
1251 1422
1251 1625
1251 1965
1251 2398
1251 1843
1260 2219
1260 1981
1281 2226
1293 3261
1301 2775
1313 2709
1313 3246
1324 1562
1324 1410
1330 1699
1363 2512
1381 1846
1381 2322
1392 2634
1392 3212
1410 2345
1410 2815
1410 1531
1410 3294
1414 1422
1422 2821
1422 1590
1422 2826
1422 2681
1422 2785
1429 2420
1429 2421
1443 2013
1446 1574
1447 2811
1450 1505
1455 2734
1465 2832
1479 1479
1483 1821
1483 1795
1489 1805
1493 1894
1519 3226
1522 2245
1535 1763
1541 3100
1542 2420
1542 2558
1555 2015
1567 2637
1567 1708
1568 2766
1572 3049
1584 2379
1585 2771
1585 2462
1590 1943
1595 2945
1601 2700
1610 1744
1616 1752
1618 1864
1623 1938
1625 2429
1625 2681
1625 1821
1627 1938
1643 3325
1652 2733
1665 2633
1670 3256
1673 3112
1677 1737
1696 3114
1699 2369
1702 1774
1705 2114
1705 2114
1708 2596
1708 2925
1708 1943
1708 2416
1708 2637
1708 2418
1721 2670
1721 1959
1721 2672
1728 3193
1729 2345
1737 2243
1750 3321
1759 2633
1760 3114
1761 2429
1765 1765
1768 1964
1768 2745
1785 2346
1795 1821
1814 2143
1815 2885
1818 2030
1821 2200
1823 3045
1827 3204
1829 2035
1832 2163
1852 2018
1858 3035
1859 2221
1862 2582
1862 2582
1867 2351
1894 2648
1894 2710
1894 2711
1894 2052
1894 2584
1896 2707
1899 2798
1902 2976
1903 2420
1916 2351
1934 2265
1936 2974
1943 2226
1943 2775
1957 2171
1979 2800
2002 2398
2007 3269
2007 3270
2016 2569
2031 3035
2082 2957
2097 2564
2097 2774
2097 2925
2104 3276
2114 2559
2130 2478
2130 2130
2146 2500
2147 2421
2154 2993
2166 2637
2169 3276
2176 2853
2185 3149
2185 2206
2185 2282
2217 2633
2226 2361
2227 3080
2233 2372
2254 3093
2255 2486
2255 3221
2264 2942
2286 2965
2308 2698
2329 2682
2341 2342
2342 3045
2345 2346
2351 2372
2367 2549
2379 2380
2380 2402
2381 2382
2400 3089
2420 2558
2429 2565
2462 3224
2477 2559
2495 2646
2495 3046
2513 2514
2522 2523
2527 2633
2548 2549
2549 3152
2569 3250
2586 3138
2596 2599
2599 3300
2608 2609
2637 3164
2681 2886
2698 2698
2703 2976
2703 2966
2705 2966
2705 2966
2706 2966
2775 2925
2835 2836
2835 3076
2851 2852
2881 2881
2899 2903
2920 3296
2973 3009
3007 3249
3045 3187
3057 3059
3058 3059
3115 3116
3144 3145
3256 3281
