909 2
1752 0
260 3
575 3
2609 4
3045 3
2402 1
1432 1
667 3
215 4
179 3
2832 4
1089 3
1381 3
882 4
2976 1
1043 1
2007 3
1862 1
1763 2
3237 1
2114 3
220 2
2826 2
1685 4
1446 4
1165 3
2097 2
2512 5
1218 5
954 5
710 5
233 3
1489 5
3224 3
2549 5
958 5
136 3
1590 2
203 4
836 1
1799 3
803 1
2852 0
1595 4
2015 3
1750 1
1592 1
1430 2
1819 3
2602 4
855 3
529 2
1294 1
2146 2
604 1
1832 5
606 1
1782 5
2522 2
2775 2
689 5
2734 4
3294 4
2771 4
1777 2
3325 1
783 4
3061 2
2346 4
576 3
928 4
2590 3
1107 4
15 3
2887 2
2920 4
1479 3
26 5
1618 3
2973 4
272 4
2157 4
41 1
1601 3
3089 5
2514 4
104 1
883 5
214 5
2811 1
584 4
1229 2
1818 2
2690 2
2018 1
2798 4
2054 4
2002 5
